
/* evil bone representation made by funky bone exporter */
package se.combitech.strokesformartians;

import java.util.HashMap;

public class Leroy3
{
public class Bone
    {
    	public String name;
	/**
	 * The coordinates in armaturespace that defines the restpose for the bone. A 4x4 matrix.
	 */
        public float [] restPose;

        /**
         * The inverse of the restpose transform
         */
        public float [] restPoseInverse;
	/**
	 * Transformation matrix for the bone on the format frames[framenumber * 16 + matrixindice] where matrixindice is a value from 0 to 15 specifying which element in a column major 4x4 matrix to use.
	 */ 
        public float [] frames;

	public Bone(String name)
	{
		this.name = name;
	}
    }

public HashMap<String, Bone> bones;
        public int numFrames;

        public Leroy3()
        {
numFrames = 30;
bones = new HashMap<String, Bone>();

chain0();
}

private void chain0()
{
Bone bone;
bone = new Bone("lower_arm_right");
bones.put("lower_arm_right", bone);
bone.restPose = new float[]{-0.999697446823f,-0.0152927022427f,0.0192802026868f,0.0f,0.0191347785294f,-0.975706934929f,0.218241870403f,0.0f,0.0154741927981f,0.218544766307f,0.975704312325f,0.0f,-1.17423856258f,1.33657956123f,-0.481621563435f,1.0f};
bone.restPoseInverse = new float[]{-0.999696850777f,0.0154743157327f,-0.0191347394139f,-0.0f,-0.0192800797522f,-0.975704073906f,0.21824195981f,0.0f,-0.0152927655727f,0.218544721603f,0.975707173347f,-0.0f,-1.14415681362f,0.195988282561f,-1.43168914318f,1.0f};
bone.frames = new float[]{-0.0575684309006f,-0.036603577435f,-0.997672379017f,0.0f,-0.914496779442f,0.402810096741f,0.0379901230335f,0.0f,0.400482565165f,0.914551079273f,-0.0566629618406f,0.0f,-4.30710506439f,4.53527259827f,-0.304394870996f,1.0f,-0.0575684309006f,-0.036603577435f,-0.997672379017f,0.0f,-0.914496779442f,0.402810096741f,0.0379901230335f,0.0f,0.400482565165f,0.914551079273f,-0.0566629618406f,0.0f,-4.30710506439f,4.53527259827f,-0.304394870996f,1.0f,-0.0600221455097f,-0.0218873359263f,-0.997958779335f,0.0f,-0.901829838753f,0.42976552248f,0.0448145717382f,0.0f,0.427908241749f,0.902674973011f,-0.0455339252949f,0.0f,-4.136490345f,4.62537145615f,-0.253223419189f,1.0f,-0.0644252300262f,0.0220148339868f,-0.997681558132f,0.0f,-0.860343694687f,0.505333423615f,0.066707149148f,0.0f,0.505630850792f,0.862643003464f,-0.0136159285903f,0.0f,-3.62602901459f,4.87112569809f,-0.0972646027803f,1.0f,-0.0627834498882f,0.0902899876237f,-0.993936598301f,0.0f,-0.785510659218f,0.609874546528f,0.105019122362f,0.0f,0.615658998489f,0.78733754158f,0.0326335951686f,0.0f,-2.84639215469f,5.18894147873f,0.15432472527f,1.0f,-0.0482355952263f,0.170574188232f,-0.984165430069f,0.0f,-0.683479309082f,0.712876558304f,0.157053217292f,0.0f,0.728377282619f,0.680229067802f,0.0821976661682f,0.0f,-1.98323512077f,5.46902751923f,0.466598659754f,1.0f,-0.0225604921579f,0.247501328588f,-0.968626856804f,0.0f,-0.573303937912f,0.790537893772f,0.215349525213f,0.0f,0.819034636021f,0.560172617435f,0.124057993293f,0.0f,-1.25837683678f,5.65068817139f,0.787447929382f,1.0f,0.00484983623028f,0.310114979744f,-0.950688540936f,0.0f,-0.475192397833f,0.837215363979f,0.270676016808f,0.0f,0.879870772362f,0.450444072485f,0.15142403543f,0.0f,-0.812628448009f,5.74206113815f,1.06793820858f,1.0f,0.0284035801888f,0.356684207916f,-0.933795034885f,0.0f,-0.38683488965f,0.86530649662f,0.31875705719f,0.0f,0.921713829041f,0.352168023586f,0.162555068731f,0.0f,-0.519638240337f,5.66801977158f,1.2960985899f,1.0f,0.0455463379622f,0.386679112911f,-0.921090960503f,0.0f,-0.306119292974f,0.883090734482f,0.355589449406f,0.0f,0.950905203819f,0.265765547752f,0.158590883017f,0.0f,-0.291581571102f,5.47760152817f,1.4612326622f,1.0f,0.0699654966593f,0.546907186508f,-0.834266602993f,0.0f,-0.439821720123f,0.767551779747f,0.466286748648f,0.0f,0.895358264446f,0.334302425385f,0.294242739677f,0.0f,-1.49115276337f,4.93332672119f,2.411714077f,1.0f,0.0522911474109f,0.457884311676f,-0.887474536896f,0.0f,-0.302446633577f,0.854213237762f,0.422903239727f,0.0f,0.951733112335f,0.246297717094f,0.183152630925f,0.0f,-0.657059252262f,5.64409923553f,1.96185147762f,1.0f,0.0132133662701f,0.316595852375f,-0.948470592499f,0.0f,-0.174695283175f,0.93469440937f,0.309563815594f,0.0f,0.98453605175f,0.161600857973f,0.0676578134298f,0.0f,0.135764360428f,6.21815061569f,1.18665635586f,1.0f,-0.0165597647429f,0.198202133179f,-0.980023384094f,0.0f,-0.110721483827f,0.973764836788f,0.198807284236f,0.0f,0.993715584278f,0.111800044775f,0.00581993162632f,0.0f,0.486447930336f,6.31558656693f,0.572409152985f,1.0f,-0.0397140234709f,0.113519266248f,-0.992744028568f,0.0f,-0.0622763186693f,0.991313576698f,0.115847140551f,0.0f,0.99727076292f,0.0664236992598f,-0.0322993248701f,0.0f,0.726921796799f,6.18944215775f,0.136512994766f,1.0f,-0.0450674369931f,0.0856132060289f,-0.995310783386f,0.0f,-0.0248189382255f,0.995918631554f,0.0867890268564f,0.0f,0.998677968979f,0.0286121629179f,-0.0427584499121f,0.0f,0.939165353775f,5.97982931137f,-0.0119861587882f,1.0f,-0.0529460757971f,0.107324674726f,-0.992815375328f,0.0f,-0.134491711855f,0.984384357929f,0.113585487008f,0.0f,0.989501476288f,0.139537572861f,-0.0376848503947f,0.0f,0.190207004547f,5.98097229004f,0.173176050186f,1.0f,-0.0534385740757f,0.0847951769829f,-0.994966387749f,0.0f,-0.0751650556922f,0.993220567703f,0.0886831730604f,0.0f,0.995740413666f,0.079524114728f,-0.0467025339603f,0.0f,0.624481916428f,6.1528506279f,0.0143668204546f,1.0f,-0.0715439021587f,0.068780913949f,-0.995065152645f,0.0f,-0.137983173132f,0.987346112728f,0.0781678110361f,0.0f,0.987849473953f,0.142892941833f,-0.0611477345228f,0.0f,0.281455039978f,6.30650806427f,-0.0240700468421f,1.0f,-0.0927444845438f,0.0411239415407f,-0.994842350483f,0.0f,-0.179986327887f,0.981995642185f,0.0573718100786f,0.0f,0.979289352894f,0.184376612306f,-0.083672747016f,0.0f,0.0854016542435f,6.35417842865f,-0.129765585065f,1.0f,-0.115760087967f,0.00779861211777f,-0.993248701096f,0.0f,-0.199753180146f,0.979357481003f,0.0309698134661f,0.0f,0.972986400127f,0.201987564564f,-0.111812509596f,0.0f,-0.0125563144684f,6.14720630646f,-0.280316650867f,1.0f,-0.13946133852f,-0.023768439889f,-0.989944279194f,0.0f,-0.221624195576f,0.975101828575f,0.00780951976776f,0.0f,0.965110063553f,0.220482289791f,-0.1412563622f,0.0f,-0.155311703682f,5.71918678284f,-0.419867157936f,1.0f,-0.161742240191f,-0.0513309985399f,-0.985499382019f,0.0f,-0.247286200523f,0.968893229961f,-0.00988155603409f,0.0f,0.955349743366f,0.242099702358f,-0.169403970242f,0.0f,-0.190547704697f,5.54147148132f,-0.53652715683f,1.0f,-0.180609360337f,-0.0734841376543f,-0.980808138847f,0.0f,-0.277723968029f,0.960436522961f,-0.0208173543215f,0.0f,0.943532645702f,0.268631547689f,-0.19387164712f,0.0f,-0.198826313019f,5.58491230011f,-0.621981978416f,1.0f,-0.194225847721f,-0.0892753005028f,-0.976888120174f,0.0f,-0.313729792833f,0.949200749397f,-0.0243694484234f,0.0f,0.929437220097f,0.301743209362f,-0.212367206812f,0.0f,-0.233558177948f,5.71655321121f,-0.670463502407f,1.0f,-0.183072149754f,-0.300403892994f,-0.936080098152f,0.0f,-0.612832665443f,0.779402077198f,-0.13027048111f,0.0f,0.768717050552f,0.549808859825f,-0.326783299446f,0.0f,-2.12840104103f,5.37096977234f,-1.54878783226f,1.0f,-0.171321347356f,-0.271097809076f,-0.947184741497f,0.0f,-0.6527312994f,0.751357197762f,-0.0969876497984f,0.0f,0.73796749115f,0.601638138294f,-0.305676519871f,0.0f,-2.408244133f,5.32630348206f,-1.35461866856f,1.0f,-0.146338582039f,-0.223353117704f,-0.963692188263f,0.0f,-0.71862924099f,0.693478107452f,-0.0516014844179f,0.0f,0.67982506752f,0.684982776642f,-0.261989951134f,0.0f,-2.84404921532f,5.22564172745f,-1.07685291767f,1.0f,-0.114469200373f,-0.163202613592f,-0.979931354523f,0.0f,-0.795647621155f,0.605710089207f,-0.00793620944023f,0.0f,0.594850242138f,0.778768002987f,-0.199186354876f,0.0f,-3.36071705818f,5.04376411438f,-0.777352571487f,1.0f,-0.0852983295918f,-0.102401636541f,-0.991081118584f,0.0f,-0.860759675503f,0.508558750153f,0.0215357393026f,0.0f,0.501818418503f,0.85491579771f,-0.13152231276f,0.0f,-3.83784413338f,4.81264352798f,-0.526053905487f,1.0f};
chain1();
}
private void chain1()
{
Bone bone;
bone = new Bone("upper_leg_left");
bones.put("upper_leg_left", bone);
bone.restPose = new float[]{-1.00000011921f,-2.98023223877e-08f,-3.76254320145e-07f,0.0f,-2.98023223877e-08f,-0.998673260212f,0.051496475935f,0.0f,-3.8743019104e-07f,0.0514964908361f,0.998673319817f,0.0f,0.817315340042f,-0.408309072256f,-0.0464251115918f,1.0f};
bone.restPoseInverse = new float[]{-0.999999880791f,-3.77289694597e-07f,-1.03870032575e-08f,-0.0f,3.88450757782e-07f,-0.998673021793f,0.0514964796603f,0.0f,9.81149028689e-09f,0.0514964647591f,0.998673081398f,-0.0f,0.817315220833f,0.0673902854323f,0.405376553535f,1.0f};
bone.frames = new float[]{-0.927419662476f,-0.35144969821f,0.127979695797f,0.0f,0.299151599407f,-0.491604954004f,0.817823529243f,0.0f,-0.224507987499f,0.796749413013f,0.561060130596f,0.0f,-0.347004890442f,-0.475678920746f,0.0198644548655f,1.0f,-0.927419662476f,-0.35144969821f,0.127979695797f,0.0f,0.299151599407f,-0.491604954004f,0.817823529243f,0.0f,-0.224507987499f,0.796749413013f,0.561060130596f,0.0f,-0.347004890442f,-0.475678920746f,0.0198644548655f,1.0f,-0.92802131176f,-0.348664969206f,0.131195351481f,0.0f,0.308320432901f,-0.521196246147f,0.79579859972f,0.0f,-0.20908819139f,0.778966546059f,0.591180920601f,0.0f,-0.291830301285f,-0.494506061077f,0.0147307515144f,1.0f,-0.929675221443f,-0.3421010077f,0.136652782559f,0.0f,0.329123914242f,-0.604698419571f,0.725272059441f,0.0f,-0.165482342243f,0.719241678715f,0.674765765667f,0.0f,-0.132214903831f,-0.550147473812f,-0.00292852520943f,1.0f,-0.932571053505f,-0.335224300623f,0.13393573463f,0.0f,0.344192147255f,-0.71384459734f,0.609885394573f,0.0f,-0.108839057386f,0.614859879017f,0.781091153622f,0.0f,0.0954004526138f,-0.630603432655f,-0.0346013903618f,1.0f,-0.936789393425f,-0.328863888979f,0.119485870004f,0.0f,0.344195395708f,-0.804726958275f,0.483680158854f,0.0f,-0.0629114508629f,0.494231879711f,0.867052018642f,0.0f,0.330095529556f,-0.711021840572f,-0.0707971826196f,1.0f,-0.940354406834f,-0.323701351881f,0.104660063982f,0.0f,0.338033497334f,-0.854382157326f,0.394673407078f,0.0f,-0.0383367463946f,0.406510442495f,0.912842929363f,0.0f,0.521680414677f,-0.771646559238f,-0.0934045389295f,1.0f,-0.940885424614f,-0.323018610477f,0.101961813867f,0.0f,0.337293863297f,-0.865763127804f,0.369716018438f,0.0f,-0.0311505179852f,0.382250547409f,0.923534870148f,0.0f,0.64767318964f,-0.808995783329f,-0.0907792299986f,1.0f,-0.931707322598f,-0.347573488951f,0.105435028672f,0.0f,0.356111496687f,-0.817030370235f,0.453485518694f,0.0f,-0.0714759975672f,0.460061311722f,0.885006785393f,0.0f,0.689537167549f,-0.907640635967f,-0.0654495880008f,1.0f,-0.916720211506f,-0.386804699898f,0.100043356419f,0.0f,0.369556248188f,-0.725762546062f,0.580259144306f,0.0f,-0.151839122176f,0.568905651569f,0.808266282082f,0.0f,0.669495403767f,-1.03859817982f,-0.0402860715985f,1.0f,-0.913575410843f,-0.395131468773f,0.0961933135986f,0.0f,0.367327034473f,-0.700268924236f,0.612126111984f,0.0f,-0.174508973956f,0.594556570053f,0.784890055656f,0.0f,0.705562710762f,-1.07874274254f,-0.0292305350304f,1.0f,-0.945447564125f,-0.314513862133f,0.0849243476987f,0.0f,0.308396577835f,-0.780048668385f,0.544444441795f,0.0f,-0.1049900949f,0.540932953358f,0.834489166737f,0.0f,0.857042908669f,-0.86298173666f,-0.0452425330877f,1.0f,-0.969323039055f,-0.23310957849f,0.0779430270195f,0.0f,0.241718530655f,-0.84653288126f,0.474297821522f,0.0f,-0.0445821210742f,0.478587001562f,0.876909673214f,0.0f,1.01448774338f,-0.655423462391f,-0.0620431527495f,1.0f,-0.967633187771f,-0.238909602165f,0.0813063532114f,0.0f,0.24665749073f,-0.827176988125f,0.504918217659f,0.0f,-0.0533751659095f,0.508629441261f,0.859331607819f,0.0f,1.1278911829f,-0.717137634754f,-0.0451606288552f,1.0f,-0.959901332855f,-0.26774892211f,0.0830814093351f,0.0f,0.261966615915f,-0.751153469086f,0.605925738811f,0.0f,-0.0998290628195f,0.603392243385f,0.791173279285f,0.0f,1.24649262428f,-0.871743202209f,-0.0262677669525f,1.0f,-0.954859733582f,-0.285877048969f,0.0807449221611f,0.0f,0.265681684017f,-0.700248122215f,0.662623405457f,0.0f,-0.132887274027f,0.654163599014f,0.744590103626f,0.0f,1.29547953606f,-0.959039151669f,-0.02069196105f,1.0f,-0.954788982868f,-0.286127001047f,0.080696746707f,0.0f,0.265701293945f,-0.699539124966f,0.663364171982f,0.0f,-0.133355766535f,0.654812693596f,0.743935585022f,0.0f,1.29604649544f,-0.960201025009f,-0.0206448584795f,1.0f,-0.958412885666f,-0.273166418076f,0.0826285332441f,0.0f,0.263553589582f,-0.736097335815f,0.623461604118f,0.0f,-0.10948612541f,0.619309484959f,0.77747797966f,0.0f,1.26262485981f,-0.898454189301f,-0.0241818577051f,1.0f,-0.965926349163f,-0.245353192091f,0.0824043899775f,0.0f,0.251075983047f,-0.81094712019f,0.528516471386f,0.0f,-0.062847673893f,0.531196653843f,0.844916403294f,0.0f,1.16171634197f,-0.754259943962f,-0.0394272506237f,1.0f,-0.9699203372f,-0.230422243476f,0.0785029232502f,0.0f,0.239720731974f,-0.848047614098f,0.472602784634f,0.0f,-0.0423240587115f,0.47720476985f,0.8777744174f,0.0f,1.04843699932f,-0.657356142998f,-0.0582995116711f,1.0f,-0.958911955357f,-0.272042989731f,0.0805139765143f,0.0f,0.27429369092f,-0.816477239132f,0.508066833019f,0.0f,-0.0724782496691f,0.509274721146f,0.857548594475f,0.0f,0.927388072014f,-0.750585436821f,-0.0556470006704f,1.0f,-0.924645841122f,-0.369485616684f,0.09226449579f,0.0f,0.349536418915f,-0.727200627327f,0.590768754482f,0.0f,-0.151185676455f,0.578500390053f,0.801550686359f,0.0f,0.763370335102f,-1.0115480423f,-0.0326967090368f,1.0f,-0.912501037121f,-0.397431373596f,0.0969124883413f,0.0f,0.369598925114f,-0.699432909489f,0.611714184284f,0.0f,-0.175330474973f,0.594007432461f,0.78512263298f,0.0f,0.6753718853f,-1.07690382004f,-0.0329258292913f,1.0f,-0.922377705574f,-0.37222725153f,0.103288784623f,0.0f,0.3669911623f,-0.760921299458f,0.535088598728f,0.0f,-0.120579853654f,0.531458675861f,0.838459968567f,0.0f,0.678082585335f,-0.99084353447f,-0.0486825853586f,1.0f,-0.936175525188f,-0.335579246283f,0.104710489511f,0.0f,0.347941666842f,-0.842052996159f,0.412172585726f,0.0f,-0.0501449145377f,0.422298014164f,0.905070364475f,0.0f,0.685871839523f,-0.863839745522f,-0.0756502300501f,1.0f,-0.941177248955f,-0.322396337986f,0.101234383881f,0.0f,0.336459904909f,-0.866284191608f,0.369254946709f,0.0f,-0.0313488617539f,0.381594777107f,0.923799216747f,0.0f,0.620357573032f,-0.800029218197f,-0.0941650047898f,1.0f,-0.939806222916f,-0.324526518583f,0.10700275749f,0.0f,0.339146226645f,-0.847537100315f,0.408244520426f,0.0f,-0.0417974963784f,0.419959187508f,0.906581401825f,0.0f,0.487190485001f,-0.761180400848f,-0.0906110405922f,1.0f,-0.936175644398f,-0.329731285572f,0.12188193202f,0.0f,0.344887524843f,-0.794383168221f,0.500010490417f,0.0f,-0.0680481493473f,0.510132133961f,0.857401192188f,0.0f,0.29903113842f,-0.700679600239f,-0.0661695152521f,1.0f,-0.932304561138f,-0.335706710815f,0.134581372142f,0.0f,0.34361743927f,-0.706028103828f,0.619236826897f,0.0f,-0.112863630056f,0.623560369015f,0.773586988449f,0.0f,0.0776022076607f,-0.624347150326f,-0.0319791585207f,1.0f,-0.929659724236f,-0.342151075602f,0.136632218957f,0.0f,0.328999638557f,-0.604069113731f,0.725852787495f,0.0f,-0.165815785527f,0.719746470451f,0.674145460129f,0.0f,-0.13372439146f,-0.549629986286f,-0.00281493365765f,1.0f};
chain2();
}
private void chain2()
{
Bone bone;
bone = new Bone("head");
bones.put("head", bone);
bone.restPose = new float[]{-0.9965518713f,-0.0586202740669f,-0.0587217696011f,0.0f,-0.0587217770517f,0.99827426672f,2.6524066925e-06f,0.0f,0.0586203187704f,0.00345093011856f,-0.998274505138f,0.0f,0.160749658942f,5.10206699371f,0.344313323498f,1.0f};
bone.restPoseInverse = new float[]{-0.996551632881f,0.0586202666163f,0.0587217621505f,-0.0f,0.0587217919528f,0.99827426672f,2.69175484391e-06f,-0.0f,-0.0586202889681f,0.00345088960603f,-0.998274505138f,-0.0f,0.479498684406f,0.316689252853f,5.08382558823f,1.0f};
bone.frames = new float[]{-0.957811772823f,0.0662838071585f,-0.27965477109f,0.0f,0.0336116403341f,0.992197215557f,0.120053753257f,0.0f,0.285430788994f,0.105589404702f,-0.952566623688f,0.0f,-1.33273661137f,4.85532474518f,0.421087443829f,1.0f,-0.957811772823f,0.0662838071585f,-0.27965477109f,0.0f,0.0336116403341f,0.992197215557f,0.120053753257f,0.0f,0.285430788994f,0.105589404702f,-0.952566623688f,0.0f,-1.33273661137f,4.85532474518f,0.421087443829f,1.0f,-0.956141471863f,0.0969627127051f,-0.276398539543f,0.0f,0.060208119452f,0.988528430462f,0.138508915901f,0.0f,0.286658555269f,0.115792632103f,-0.951011002064f,0.0f,-1.15471434593f,4.85027551651f,0.47704398632f,1.0f,-0.946024298668f,0.187223777175f,-0.26455450058f,0.0f,0.138285785913f,0.971410870552f,0.19296695292f,0.0f,0.293119549751f,0.145967185497f,-0.944869101048f,0.0f,-0.637220978737f,4.81610774994f,0.641512155533f,1.0f,-0.915961682796f,0.3216599226f,-0.239901587367f,0.0f,0.253193765879f,0.927103638649f,0.27635204792f,0.0f,0.311305344105f,0.192386090755f,-0.93063390255f,0.0f,0.108753561974f,4.70930480957f,0.890284895897f,1.0f,-0.860770404339f,0.467794686556f,-0.200614377856f,0.0f,0.374183118343f,0.848752260208f,0.373638182878f,0.0f,0.345058143139f,0.246549680829f,-0.905622065067f,0.0f,0.866099834442f,4.50932884216f,1.17454075813f,1.0f,-0.791664242744f,0.592041015625f,-0.150859519839f,0.0f,0.470884978771f,0.74859380722f,0.466769278049f,0.0f,0.389279186726f,0.298486590385f,-0.871418714523f,0.0f,1.42590546608f,4.25593137741f,1.43986594677f,1.0f,-0.72922629118f,0.676951646805f,-0.0998430401087f,0.0f,0.530727863312f,0.651638746262f,0.541935622692f,0.0f,0.43192589283f,0.342203557491f,-0.834469497204f,0.0f,1.69430959225f,4.0196018219f,1.64771676064f,1.0f,-0.678593039513f,0.73251080513f,-0.0542480796576f,0.0f,0.567593932152f,0.569822311401f,0.594254970551f,0.0f,0.466209977865f,0.3724655509f,-0.802446365356f,0.0f,1.81347537041f,3.703083992f,1.79320240021f,1.0f,-0.641638278961f,0.766740918159f,-0.0202925726771f,0.0f,0.591288030148f,0.51131606102f,0.623645484447f,0.0f,0.488550424576f,0.388155311346f,-0.781445205212f,0.0f,1.87906265259f,3.34077620506f,1.87808823586f,1.0f,-0.756308019161f,0.653661608696f,0.0269778613001f,0.0f,0.434444665909f,0.470977783203f,0.767748117447f,0.0f,0.489141821861f,0.592373609543f,-0.640184640884f,0.0f,0.885556817055f,3.05025863647f,2.70713710785f,1.0f,-0.705390751362f,0.708771109581f,0.00837787985802f,0.0f,0.520832240582f,0.510256290436f,0.684376835823f,0.0f,0.480791866779f,0.487115740776f,-0.729081511497f,0.0f,1.51076436043f,3.57471108437f,2.2593164444f,1.0f,-0.665440738201f,0.744397103786f,-0.0553579702973f,0.0f,0.600008428097f,0.57753187418f,0.553575873375f,0.0f,0.444051504135f,0.335156053305f,-0.830958068371f,0.0f,2.11802983284f,4.04433822632f,1.62634301186f,1.0f,-0.664121747017f,0.737091600895f,-0.125063732266f,0.0f,0.628043472767f,0.640783667564f,0.441539227962f,0.0f,0.405593782663f,0.214689791203f,-0.888484537601f,0.0f,2.38707280159f,4.1595864296f,1.17891907692f,1.0f,-0.665638267994f,0.7258477211f,-0.17341786623f,0.0f,0.64869248867f,0.677643120289f,0.346405684948f,0.0f,0.368953406811f,0.118085697293f,-0.92191785574f,0.0f,2.56770181656f,4.0579366684f,0.848484098911f,1.0f,-0.652586042881f,0.733039140701f,-0.191804289818f,0.0f,0.673975467682f,0.67723095417f,0.295152544975f,0.0f,0.346254229546f,0.0633407086134f,-0.936001956463f,0.0f,2.7251188755f,3.82641530037f,0.715289354324f,1.0f,-0.723029851913f,0.667735755444f,-0.17708696425f,0.0f,0.611235439777f,0.737806379795f,0.286412119865f,0.0f,0.321903705597f,0.0988425537944f,-0.941600322723f,0.0f,2.22066187859f,4.01698207855f,0.814644575119f,1.0f,-0.663330376148f,0.722973823547f,-0.193143606186f,0.0f,0.685481190681f,0.690566241741f,0.230722427368f,0.0f,0.300185054541f,0.0206488519907f,-0.953659117222f,0.0f,2.55897569656f,4.06417512894f,0.658761322498f,1.0f,-0.673672556877f,0.712643623352f,-0.195722132921f,0.0f,0.690040051937f,0.701371788979f,0.178666114807f,0.0f,0.264599442482f,-0.0146935731173f,-0.964248120785f,0.0f,2.37613129616f,4.3004322052f,0.582589149475f,1.0f,-0.664552152157f,0.718655347824f,-0.204713195562f,0.0f,0.712892353535f,0.691852688789f,0.114556521177f,0.0f,0.223958358169f,-0.0698094069958f,-0.972096860409f,0.0f,2.29666423798f,4.38896179199f,0.451096713543f,1.0f,-0.637597024441f,0.73852878809f,-0.21919901669f,0.0f,0.749377071857f,0.660556614399f,0.0458087921143f,0.0f,0.178624793887f,-0.135054662824f,-0.974605917931f,0.0f,2.26716351509f,4.1715631485f,0.283687859774f,1.0f,-0.611640632153f,0.755721569061f,-0.234058618546f,0.0f,0.779795765877f,0.625797212124f,-0.0171942710876f,0.0f,0.133479565382f,-0.193033993244f,-0.972072124481f,0.0f,2.1914305687f,3.73250722885f,0.125579953194f,1.0f,-0.589007616043f,0.769219458103f,-0.247738391161f,0.0f,0.80278635025f,0.592131078243f,-0.0701016932726f,0.0f,0.0927703306079f,-0.240170717239f,-0.966289103031f,0.0f,2.22494316101f,3.5497136116f,-0.0110008120537f,1.0f,-0.571285665035f,0.778860628605f,-0.258865833282f,0.0f,0.818536937237f,0.563820719719f,-0.110013335943f,0.0f,0.0602692812681f,-0.27473950386f,-0.95962959528f,0.0f,2.28986620903f,3.59986877441f,-0.116764701903f,1.0f,-0.559789478779f,0.784698605537f,-0.26624533534f,0.0f,0.827714085579f,0.544668972492f,-0.134999245405f,0.0f,0.0390821844339f,-0.295945346355f,-0.954406678677f,0.0f,2.33539271355f,3.75590324402f,-0.184546172619f,1.0f,-0.765838384628f,0.544564664364f,-0.341970652342f,0.0f,0.63528496027f,0.723065197468f,-0.271273553371f,0.0f,0.0995411723852f,-0.424999564886f,-0.899705529213f,0.0f,0.980216801167f,4.39075803757f,-0.982531130314f,1.0f,-0.777335584164f,0.538002431393f,-0.326045632362f,0.0f,0.617691874504f,0.750947058201f,-0.233526408672f,0.0f,0.119205415249f,-0.382923185825f,-0.916058421135f,0.0f,0.748565852642f,4.4435544014f,-0.809391736984f,1.0f,-0.830100417137f,0.473220527172f,-0.294955343008f,0.0f,0.532178342342f,0.830268204212f,-0.165650367737f,0.0f,0.166503041983f,-0.294474482536f,-0.941044509411f,0.0f,0.341655194759f,4.58867120743f,-0.542908847332f,1.0f,-0.896384716034f,0.35250595212f,-0.268770962954f,0.0f,0.383778661489f,0.920568168163f,-0.0725733190775f,0.0f,0.221839770675f,-0.168201491237f,-0.960467875004f,0.0f,-0.19540065527f,4.74865913391f,-0.217329740524f,1.0f,-0.940960109234f,0.213102936745f,-0.263030588627f,0.0f,0.214719638228f,0.976405143738f,0.0229387283325f,0.0f,0.261713206768f,-0.0348931401968f,-0.964516341686f,0.0f,-0.745364904404f,4.84104967117f,0.098206050694f,1.0f};
chain3();
}
private void chain3()
{
Bone bone;
bone = new Bone("hand_left");
bones.put("hand_left", bone);
bone.restPose = new float[]{-0.980000197887f,0.139999568462f,-0.141420707107f,0.0f,-0.141421154141f,-0.989949345589f,1.75833702087e-06f,0.0f,-0.139999091625f,0.0200015306473f,0.989949584007f,0.0f,1.3714774847f,-0.636630892754f,-0.031429797411f,1.0f};
bone.restPoseInverse = new float[]{-0.980000138283f,-0.139999091625f,0.141421154141f,0.0f,0.141420662403f,-0.989949524403f,1.69128202288e-06f,0.0f,0.139999568462f,0.0200016051531f,0.989949643612f,-0.0f,1.42873120308f,0.235853180289f,0.436276555061f,1.0f};
bone.frames = new float[]{-0.348336786032f,0.618306100368f,-0.70453029871f,0.0f,-0.728490173817f,-0.651551306248f,-0.211629897356f,0.0f,-0.589889764786f,0.439521461725f,0.677387654781f,0.0f,-0.429600954056f,0.710086584091f,1.01754450798f,1.0f,-0.348336786032f,0.618306100368f,-0.70453029871f,0.0f,-0.728490173817f,-0.651551306248f,-0.211629897356f,0.0f,-0.589889764786f,0.439521461725f,0.677387654781f,0.0f,-0.429600954056f,0.710086584091f,1.01754450798f,1.0f,-0.347068846226f,0.628422379494f,-0.696155011654f,0.0f,-0.732072293758f,-0.645500540733f,-0.2177233845f,0.0f,-0.586191177368f,0.43406739831f,0.684082329273f,0.0f,-0.331295490265f,0.647067546844f,1.0142840147f,1.0f,-0.340355694294f,0.658679962158f,-0.671045958996f,0.0f,-0.743251502514f,-0.625594973564f,-0.237090528011f,0.0f,-0.575970113277f,0.418057441711f,0.702488422394f,0.0f,-0.0603559017181f,0.461479663849f,0.99695879221f,1.0f,-0.328989475965f,0.701875209808f,-0.631776452065f,0.0f,-0.754800975323f,-0.597483515739f,-0.270726591349f,0.0f,-0.567492485046f,0.387796550989f,0.726340055466f,0.0f,0.298305153847f,0.167008638382f,0.947457313538f,1.0f,-0.324109703302f,0.742599189281f,-0.586091578007f,0.0f,-0.751005291939f,-0.578711092472f,-0.317943185568f,0.0f,-0.5752825737f,0.337107241154f,0.745260119438f,0.0f,0.625383257866f,-0.20051407814f,0.849109649658f,1.0f,-0.343324929476f,0.763882756233f,-0.546457350254f,0.0f,-0.714819788933f,-0.589920401573f,-0.375538468361f,0.0f,-0.60923409462f,0.261685162783f,0.748571395874f,0.0f,0.84957742691f,-0.593277931213f,0.701780617237f,1.0f,-0.398640215397f,0.75105381012f,-0.526316583157f,0.0f,-0.631518423557f,-0.640949547291f,-0.436314880848f,0.0f,-0.665038406849f,0.158445090055f,0.729810774326f,0.0f,0.98960006237f,-0.975406289101f,0.527918100357f,1.0f,-0.476866573095f,0.699684500694f,-0.532019376755f,0.0f,-0.500513613224f,-0.713709056377f,-0.490007460117f,0.0f,-0.722557604313f,0.0326146930456f,0.690544486046f,0.0f,1.16612648964f,-1.45580005646f,0.361851930618f,1.0f,-0.560366392136f,0.606141269207f,-0.564435243607f,0.0f,-0.323714733124f,-0.787557899952f,-0.524369359016f,0.0f,-0.762367069721f,-0.111122563481f,0.637536942959f,0.0f,1.45455121994f,-1.98820352554f,0.241733670235f,1.0f,-0.643028497696f,0.44671690464f,-0.622063577175f,0.0f,0.109420053661f,-0.750336587429f,-0.651938974857f,0.0f,-0.757988750935f,-0.487280339003f,0.433607667685f,0.0f,2.06292867661f,-2.00067281723f,0.25465798378f,1.0f,-0.668589472771f,0.257924586535f,-0.697472333908f,0.0f,0.25322213769f,-0.802907347679f,-0.5396489501f,0.0f,-0.699193656445f,-0.5374173522f,0.471503227949f,0.0f,2.70109438896f,-1.7842206955f,0.347428560257f,1.0f,-0.689870297909f,0.0164032801986f,-0.723749876022f,0.0f,0.39335757494f,-0.830793559551f,-0.393770903349f,0.0f,-0.607745051384f,-0.556341230869f,0.566687226295f,0.0f,3.39516377449f,-1.52973711491f,0.570781230927f,1.0f,-0.669808387756f,-0.219728633761f,-0.709280908108f,0.0f,0.55668503046f,-0.780731797218f,-0.28383871913f,0.0f,-0.491389513016f,-0.584961354733f,0.645260035992f,0.0f,4.03250217438f,-1.34980523586f,0.841539680958f,1.0f,-0.631367206573f,-0.390415549278f,-0.670040547848f,0.0f,0.674382448196f,-0.703002393246f,-0.225834578276f,0.0f,-0.382869631052f,-0.594445586205f,0.707141757011f,0.0f,4.50645923615f,-1.27646398544f,0.990042746067f,1.0f,-0.609111309052f,-0.451693892479f,-0.65188908577f,0.0f,0.717783153057f,-0.6635633111f,-0.210896193981f,0.0f,-0.3373080194f,-0.596371650696f,0.728401362896f,0.0f,4.71749162674f,-1.42049610615f,1.03243434429f,1.0f,-0.554806530476f,-0.498001396656f,-0.666473567486f,0.0f,0.786783993244f,-0.574493408203f,-0.225684985518f,0.0f,-0.270492494106f,-0.649579644203f,0.710551917553f,0.0f,4.75942611694f,-0.984214544296f,1.03326296806f,1.0f,-0.623043656349f,-0.434115231037f,-0.650663733482f,0.0f,0.699233412743f,-0.681936919689f,-0.214569106698f,0.0f,-0.350562810898f,-0.588649272919f,0.728424012661f,0.0f,4.58643245697f,-1.1880338192f,1.03004801273f,1.0f,-0.678586065769f,-0.363179206848f,-0.638455331326f,0.0f,0.608563780785f,-0.764716207981f,-0.21181127429f,0.0f,-0.411310523748f,-0.532270848751f,0.739942848682f,0.0f,4.25164890289f,-1.07253396511f,1.03282904625f,1.0f,-0.744193077087f,-0.244879648089f,-0.621461391449f,0.0f,0.448426038027f,-0.87271463871f,-0.193099066615f,0.0f,-0.49507138133f,-0.422380685806f,0.759278178215f,0.0f,3.76987695694f,-1.14807665348f,1.05760729313f,1.0f,-0.788328111172f,-0.0843282267451f,-0.609452366829f,0.0f,0.222849011421f,-0.96244007349f,-0.155082479119f,0.0f,-0.573482692242f,-0.258070498705f,0.777510166168f,0.0f,3.12058019638f,-1.4782345295f,1.11253488064f,1.0f,-0.786678433418f,0.0884926468134f,-0.610991835594f,0.0f,-0.0285404250026f,-0.993829786777f,-0.107191480696f,0.0f,-0.61670678854f,-0.0668867826462f,0.784349381924f,0.0f,2.39643073082f,-1.89261007309f,1.18649280071f,1.0f,-0.736839532852f,0.25167131424f,-0.62748259306f,0.0f,-0.276938796043f,-0.959047496319f,-0.0594512522221f,0.0f,-0.616747438908f,0.129967927933f,0.776360690594f,0.0f,1.82443773746f,-1.90946364403f,1.25918769836f,1.0f,-0.648490428925f,0.387344121933f,-0.655309379101f,0.0f,-0.496088325977f,-0.867990970612f,-0.0221310611814f,0.0f,-0.57737493515f,0.310738325119f,0.75503963232f,0.0f,1.38380467892f,-1.58603155613f,1.3112680912f,1.0f,-0.538295090199f,0.487195253372f,-0.687666118145f,0.0f,-0.669640123844f,-0.742684304714f,-0.00199058116414f,0.0f,-0.511688947678f,0.459415495396f,0.726027846336f,0.0f,1.05556869507f,-1.10552096367f,1.33155202866f,1.0f,-0.580345928669f,0.292165458202f,-0.760160148144f,0.0f,-0.58204972744f,-0.801658511162f,0.136250317097f,0.0f,-0.569581389427f,0.521520495415f,0.635293543339f,0.0f,0.882351994514f,-0.103874921799f,1.26908481121f,1.0f,-0.483026832342f,0.383204251528f,-0.787302076817f,0.0f,-0.695250272751f,-0.714436352253f,0.0788109451532f,0.0f,-0.532276809216f,0.585436344147f,0.611513912678f,0.0f,0.460679888725f,0.0794491767883f,1.211348176f,1.0f,-0.411217063665f,0.457273453474f,-0.788546860218f,0.0f,-0.748036026955f,-0.663640260696f,0.0052485591732f,0.0f,-0.520911574364f,0.592016160488f,0.614956438541f,0.0f,0.154238820076f,0.264800071716f,1.13666427135f,1.0f,-0.371586859226f,0.51992225647f,-0.769160926342f,0.0f,-0.757806897163f,-0.648470520973f,-0.0722408294678f,0.0f,-0.536338269711f,0.556027770042f,0.63496273756f,0.0f,-0.0649807453156f,0.437154173851f,1.07137393951f,1.0f,-0.356151431799f,0.569995284081f,-0.740449666977f,0.0f,-0.746247291565f,-0.650406122208f,-0.141742274165f,0.0f,-0.562385678291f,0.502073228359f,0.656999349594f,0.0f,-0.234623074532f,0.579183101654f,1.03228652477f,1.0f};
chain4();
}
private void chain4()
{
Bone bone;
bone = new Bone("neck");
bones.put("neck", bone);
bone.restPose = new float[]{-0.998980462551f,0.0306027960032f,0.0331918746233f,0.0f,0.0386331602931f,0.959878087044f,0.277743399143f,0.0f,-0.0233604200184f,0.278742492199f,-0.96008169651f,0.0f,0.108486883342f,3.80354785919f,-0.0314168035984f,1.0f};
bone.restPoseInverse = new float[]{-0.998980343342f,-0.0233604311943f,-0.038633171469f,-0.0f,-0.0331918634474f,0.96008181572f,0.277743428946f,0.0f,0.0306027922779f,0.278742551804f,-0.959878385067f,-0.0f,-0.00698012951761f,-1.08783900738f,3.64640879631f,1.0f};
bone.frames = new float[]{-0.977082371712f,0.0593945942819f,-0.204415887594f,0.0f,0.0341941192746f,0.99160695076f,0.124678492546f,0.0f,0.210105776787f,0.114831387997f,-0.970913052559f,0.0f,-1.37899422646f,3.51388287544f,0.252422899008f,1.0f,-0.977082371712f,0.0593945942819f,-0.204415887594f,0.0f,0.0341941192746f,0.99160695076f,0.124678492546f,0.0f,0.210105776787f,0.114831387997f,-0.970913052559f,0.0f,-1.37899422646f,3.51388287544f,0.252422899008f,1.0f,-0.975507795811f,0.0885951220989f,-0.201344400644f,0.0f,0.0603538267314f,0.987978339195f,0.142319113016f,0.0f,0.211533054709f,0.12668146193f,-0.96912753582f,0.0f,-1.23636078835f,3.51374268532f,0.28451526165f,1.0f,-0.966100811958f,0.174455523491f,-0.19031047821f,0.0f,0.137108549476f,0.971300184727f,0.194360181689f,0.0f,0.218756124377f,0.161678224802f,-0.962293505669f,0.0f,-0.822700858116f,3.50213718414f,0.378582537174f,1.0f,-0.938398241997f,0.302124291658f,-0.167729213834f,0.0f,0.250011920929f,0.928659081459f,0.274017184973f,0.0f,0.238550752401f,0.215202689171f,-0.946986913681f,0.0f,-0.22946152091f,3.4530184269f,0.519595623016f,1.0f,-0.887942790985f,0.440507858992f,-0.13233987987f,0.0f,0.368943035603f,0.853935599327f,0.366979956627f,0.0f,0.274667441845f,0.277030825615f,-0.920768618584f,0.0f,0.366995245218f,3.35412836075f,0.67809176445f,1.0f,-0.825370490551f,0.557661473751f,-0.0882069915533f,0.0f,0.464222967625f,0.759225070477f,0.456151127815f,0.0f,0.32134693861f,0.335545450449f,-0.88552159071f,0.0f,0.797906577587f,3.22885489464f,0.822786569595f,1.0f,-0.769614100456f,0.637021183968f,-0.0436034016311f,0.0f,0.523363411427f,0.668467760086f,0.528433084488f,0.0f,0.36577051878f,0.383868396282f,-0.84785592556f,0.0f,0.986305773258f,3.11530160904f,0.932854712009f,1.0f,-0.724801719189f,0.688948333263f,-0.0039868671447f,0.0f,0.559970974922f,0.592461764812f,0.579155862331f,0.0f,0.401370465755f,0.417539745569f,-0.815208613873f,0.0f,1.0559489727f,2.90160417557f,1.00972282887f,1.0f,-0.692238271236f,0.721221625805f,0.0254673659801f,0.0f,0.583417713642f,0.538501739502f,0.607980132103f,0.0f,0.424774110317f,0.435724437237f,-0.793545305729f,0.0f,1.08981764317f,2.61229324341f,1.0556153059f,1.0f,-0.803782939911f,0.592282414436f,0.0560152456164f,0.0f,0.421939611435f,0.501155793667f,0.755519747734f,0.0f,0.419408887625f,0.63090801239f,-0.652728199959f,0.0f,0.314758658409f,2.37229704857f,1.68507325649f,1.0f,-0.755788624287f,0.653251111507f,0.0452696084976f,0.0f,0.507869899273f,0.541137576103f,0.670252501965f,0.0f,0.413346171379f,0.52955943346f,-0.740752696991f,0.0f,0.823720097542f,2.84266233444f,1.35260152817f,1.0f,-0.716592550278f,0.697453081608f,-0.0075655085966f,0.0f,0.585605502129f,0.607494652271f,0.536671757698f,0.0f,0.37889945507f,0.380143821239f,-0.843758642673f,0.0f,1.32582521439f,3.22252178192f,0.900335669518f,1.0f,-0.714306592941f,0.696337163448f,-0.0698808282614f,0.0f,0.610862970352f,0.669100821018f,0.423261851072f,0.0f,0.34149029851f,0.259650498629f,-0.903310120106f,0.0f,1.56069993973f,3.2544298172f,0.606332182884f,1.0f,-0.714756369591f,0.690196216106f,-0.112939909101f,0.0f,0.628649652004f,0.704805314541f,0.328708410263f,0.0f,0.306473970413f,0.163946390152f,-0.937656104565f,0.0f,1.71726703644f,3.10447883606f,0.403808742762f,1.0f,-0.701929152012f,0.700488090515f,-0.128901168704f,0.0f,0.651834368706f,0.704723119736f,0.280138850212f,0.0f,0.287073552608f,0.112615033984f,-0.951267838478f,0.0f,1.8433201313f,2.87306880951f,0.336318701506f,1.0f,-0.768760323524f,0.629301130772f,-0.113976374269f,0.0f,0.583979308605f,0.763389647007f,0.276051312685f,0.0f,0.260727822781f,0.145657241344f,-0.954362750053f,0.0f,1.43065714836f,2.98427200317f,0.441203534603f,1.0f,-0.711277544498f,0.691292345524f,-0.127286478877f,0.0f,0.658255696297f,0.718590259552f,0.224337235093f,0.0f,0.246549636126f,0.0757788866758f,-0.966164648533f,0.0f,1.66849017143f,3.09206914902f,0.355278849602f,1.0f,-0.719712555408f,0.682511031628f,-0.12726098299f,0.0f,0.660570979118f,0.729587554932f,0.17705348134f,0.0f,0.21368907392f,0.0433627218008f,-0.975940585136f,0.0f,1.48251366615f,3.31344938278f,0.343071937561f,1.0f,-0.709012687206f,0.692504227161f,-0.13319683075f,0.0f,0.682515978813f,0.721372902393f,0.117442935705f,0.0f,0.177414506674f,-0.00764022767544f,-0.98410820961f,0.0f,1.37335932255f,3.41309142113f,0.292220413685f,1.0f,-0.680675804615f,0.718155503273f,-0.144692644477f,0.0f,0.719475448132f,0.692523002625f,0.052604496479f,0.0f,0.137981399894f,-0.0682957619429f,-0.988079071045f,0.0f,1.29386019707f,3.23472094536f,0.212524712086f,1.0f,-0.653016388416f,0.740873992443f,-0.157091572881f,0.0f,0.750922381878f,0.660351634026f,-0.00716456770897f,0.0f,0.0984278917313f,-0.122641578317f,-0.987559735775f,0.0f,1.17558574677f,2.83918619156f,0.135272145271f,1.0f,-0.628606617451f,0.759156346321f,-0.168932080269f,0.0f,0.775207936764f,0.629072368145f,-0.0576264560223f,0.0f,0.0625232309103f,-0.167181223631f,-0.983943283558f,0.0f,1.17624509335f,2.69870710373f,0.0669560208917f,1.0f,-0.609321892262f,0.772497475147f,-0.178821653128f,0.0f,0.792208552361f,0.602670252323f,-0.0958878993988f,0.0f,0.0336976051331f,-0.200089842081f,-0.97919946909f,0.0f,1.21816980839f,2.78457903862f,0.0129520520568f,1.0f,-0.596742928028f,0.780699253082f,-0.185497134924f,0.0f,0.802297413349f,0.584748446941f,-0.119952246547f,0.0f,0.0148228108883f,-0.220403730869f,-0.975297689438f,0.0f,1.25004816055f,2.96485805511f,-0.0222752764821f,1.0f,-0.798274993896f,0.543668448925f,-0.259199619293f,0.0f,0.599815905094f,0.756619870663f,-0.260283857584f,0.0f,0.0546074509621f,-0.363249212503f,-0.930092096329f,0.0f,0.168788313866f,3.36720585823f,-0.630420207977f,1.0f,-0.808920741081f,0.534748494625f,-0.244323790073f,0.0f,0.583471417427f,0.781223535538f,-0.221925884485f,0.0f,0.0721969455481f,-0.322075486183f,-0.943958699703f,0.0f,-0.0407518744469f,3.38671851158f,-0.509171307087f,1.0f,-0.857741892338f,0.466770172119f,-0.215423509479f,0.0f,0.501840412617f,0.85116058588f,-0.153888359666f,0.0f,0.111529543996f,-0.240103960037f,-0.964320659637f,0.0f,-0.337232410908f,3.43722486496f,-0.33472931385f,1.0f,-0.919109106064f,0.344258129597f,-0.191646710038f,0.0f,0.361451864243f,0.93030411005f,-0.0623388886452f,0.0f,0.156829193234f,-0.126566708088f,-0.979483783245f,0.0f,-0.684371232986f,3.49014759064f,-0.132997944951f,1.0f,-0.96064478159f,0.205080091953f,-0.187369570136f,0.0f,0.202989682555f,0.978705048561f,0.030492067337f,0.0f,0.189633145928f,-0.00874179601669f,-0.981817483902f,0.0f,-1.01996850967f,3.51706171036f,0.0569565072656f,1.0f};
chain5();
}
private void chain5()
{
Bone bone;
bone = new Bone("lower_leg_right");
bones.put("lower_leg_right", bone);
bone.restPose = new float[]{-0.996707618237f,0.0603639371693f,-0.0541338697076f,0.0f,-0.054134670645f,-0.992461025715f,-0.109956979752f,0.0f,-0.060363188386f,-0.106664501131f,0.99246108532f,0.0f,-0.682283461094f,-2.85519170761f,0.0776219442487f,1.0f};
bone.restPoseInverse = new float[]{-0.996707260609f,-0.0603631772101f,0.0541346855462f,-0.0f,0.0541338510811f,-0.99246096611f,-0.109957046807f,-0.0f,0.0603638924658f,-0.106664411724f,0.99246096611f,-0.0f,-0.503484368324f,-0.422768890858f,2.86206626892f,1.0f};
