
/* evil bone representation made by funky bone exporter */
package se.combitech.strokesformartians;

import java.util.HashMap;

public class Leroy2
{
public class Bone
    {
    	public String name;
	/**
	 * The coordinates in armaturespace that defines the restpose for the bone. A 4x4 matrix.
	 */
        public float [] restPose;

        /**
         * The inverse of the restpose transform
         */
        public float [] restPoseInverse;
	/**
	 * Transformation matrix for the bone on the format frames[framenumber * 16 + matrixindice] where matrixindice is a value from 0 to 15 specifying which element in a column major 4x4 matrix to use.
	 */ 
        public float [] frames;

	public Bone(String name)
	{
		this.name = name;
	}
    }

public HashMap<String, Bone> bones;
        public int numFrames;

        public Leroy2()
        {
numFrames = 30;
bones = new HashMap<String, Bone>();

Bone bone;
bone = new Bone("lower_arm_right");
bones.put("lower_arm_right", bone);
bone.restPose = new float[]{-0.999697208405f,-0.0152905192226f,0.0192796159536f,0.0f,0.0191324893385f,-0.97570669651f,0.218242660165f,0.0f,0.0154741872102f,0.218545377254f,0.975704133511f,0.0f,1.03668105602f,1.33657324314f,-0.481611281633f,1.0f};
bone.restPoseInverse = new float[]{-0.999697208405f,0.0154742104933f,-0.0191324967891f,-0.0f,-0.0192795880139f,-0.975704073906f,0.218242645264f,0.0f,-0.0152905248106f,0.218545496464f,0.975707292557f,-0.0f,1.0660892725f,0.161766201258f,-1.38937807083f,1.0f};
bone.frames = new float[]{-0.143955752254f,0.0699932724237f,-0.987105667591f,0.0f,0.14783115685f,-0.984781146049f,-0.0913873538375f,0.0f,-0.978479802608f,-0.159080773592f,0.131417796016f,0.0f,-0.377147525549f,0.67814463377f,1.00658988953f,1.0f,-0.143955752254f,0.0699932724237f,-0.987105667591f,0.0f,0.14783115685f,-0.984781146049f,-0.0913873538375f,0.0f,-0.978479802608f,-0.159080773592f,0.131417796016f,0.0f,-0.377147525549f,0.67814463377f,1.00658988953f,1.0f,-0.139408171177f,-0.0677392855287f,-0.987915277481f,0.0f,0.0825945734978f,-0.994976222515f,0.0565684624016f,0.0f,-0.98678445816f,-0.0737103819847f,0.144302785397f,0.0f,-0.634485065937f,0.73168951273f,0.874961137772f,1.0f,-0.34451520443f,-0.366698950529f,-0.864199459553f,0.0f,-0.0403491519392f,-0.913920521736f,0.403882235289f,0.0f,-0.937913239002f,0.17401304841f,0.300063550472f,0.0f,-1.02270913124f,1.02452707291f,0.525077104568f,1.0f,-0.703030347824f,-0.378653556108f,-0.601971566677f,0.0f,-0.134260192513f,-0.760573744774f,0.635218083858f,0.0f,-0.69837141037f,0.527398169041f,0.483868271112f,0.0f,-1.20358300209f,1.61137390137f,-0.124531522393f,1.0f,-0.948438763618f,0.00948203448206f,-0.316818356514f,0.0f,-0.250757783651f,-0.633816838264f,0.731708109379f,0.0f,-0.193866714835f,0.773424625397f,0.603514373302f,0.0f,-1.17336654663f,2.02878093719f,-0.795493781567f,1.0f,-0.747706651688f,0.630223691463f,-0.209171369672f,0.0f,-0.587779819965f,-0.481594502926f,0.650062799454f,0.0f,0.308949261904f,0.609002709389f,0.730524301529f,0.0f,-0.954807341099f,1.9802826643f,-0.87133783102f,1.0f,-0.496870905161f,0.853482961655f,-0.15711723268f,0.0f,-0.679839491844f,-0.270280122757f,0.681738317013f,0.0f,0.539386570454f,0.445550322533f,0.714525818825f,0.0f,-0.743902087212f,1.79774951935f,-0.818403303623f,1.0f,-0.579810321331f,0.782346069813f,-0.227495670319f,0.0f,-0.577083349228f,-0.197235032916f,0.792510569096f,0.0f,0.575147747993f,0.590789616108f,0.565837800503f,0.0f,-0.623650252819f,1.28455758095f,-0.681568026543f,1.0f,-0.697953104973f,0.628834426403f,-0.342678546906f,0.0f,-0.491998940706f,-0.0733389928937f,0.867501199245f,0.0f,0.520383119583f,0.774072408676f,0.360573112965f,0.0f,-0.372858971357f,0.72059828043f,-0.435361653566f,1.0f,-0.837306499481f,0.214903905988f,-0.502726852894f,0.0f,-0.54187297821f,-0.203852757812f,0.815363645554f,0.0f,0.0727424323559f,0.955123066902f,0.287137895823f,0.0f,-0.119844347239f,0.408374249935f,-0.183087036014f,1.0f,-0.494259059429f,-0.520426928997f,-0.696321666241f,0.0f,-0.141166850924f,-0.742318689823f,0.65500742197f,0.0f,-0.857776165009f,0.422040760517f,0.293430775404f,0.0f,0.224532783031f,0.27814629674f,0.075255446136f,1.0f,-0.031462803483f,-0.723430454731f,-0.689679920673f,0.0f,0.582750380039f,-0.573880791664f,0.575380504131f,0.0f,-0.812042057514f,-0.38380792737f,0.439635425806f,0.0f,0.45802256465f,0.288699537516f,0.254071056843f,1.0f,0.538104772568f,-0.488922864199f,-0.686583757401f,0.0f,0.755445301533f,-0.0815139710903f,0.65012139082f,0.0f,-0.37382543087f,-0.86850976944f,0.325491786003f,0.0f,0.510702073574f,0.491652458906f,1.03043973446f,1.0f,0.766877472401f,-0.413544863462f,-0.49079477787f,0.0f,0.613870680332f,0.249530747533f,0.748930633068f,0.0f,-0.187248125672f,-0.87562251091f,0.445222705603f,0.0f,0.419762521982f,0.766940176487f,1.12482357025f,1.0f,0.831581771374f,-0.448349505663f,-0.327802866697f,0.0f,0.507446825504f,0.37341979146f,0.776566505432f,0.0f,-0.225765258074f,-0.812120735645f,0.538042783737f,0.0f,0.335335761309f,0.974468827248f,1.08152353764f,1.0f,0.53613615036f,-0.841520786285f,-0.0663381814957f,0.0f,0.406308352947f,0.188376694918f,0.894107282162f,0.0f,-0.739913523197f,-0.506316721439f,0.442912489176f,0.0f,0.387147694826f,1.24619889259f,0.632392287254f,1.0f,-0.110686890781f,-0.992418348789f,-0.0534217841923f,0.0f,0.152905195951f,-0.0701169967651f,0.985750257969f,0.0f,-0.982022762299f,0.100940950215f,0.159506946802f,0.0f,0.567931950092f,1.34765052795f,0.199686557055f,1.0f,-0.429693907499f,-0.883913397789f,-0.184553921223f,0.0f,0.0237249676138f,-0.215365722775f,0.976245224476f,0.0f,-0.902662813663f,0.415107905865f,0.113512143493f,0.0f,0.567604780197f,1.35855150223f,0.180197060108f,1.0f,-0.939895510674f,0.338652282953f,0.0437187552452f,0.0f,-0.123033642769f,-0.455303817987f,0.881794452667f,0.0f,0.318527132273f,0.823415398598f,0.469603359699f,0.0f,0.567509889603f,1.37091875076f,0.568969428539f,1.0f,-0.842077374458f,0.495072335005f,0.214030638337f,0.0f,-0.348130136728f,-0.801990926266f,0.485402882099f,0.0f,0.411960303783f,0.334235966206f,0.847687840462f,0.0f,0.766688883305f,1.30673277378f,1.15813362598f,1.0f,-0.81559753418f,0.575296938419f,0.0619183592498f,0.0f,-0.488634973764f,-0.742116630077f,0.458801299334f,0.0f,0.309897691011f,0.343941390514f,0.886378884315f,0.0f,0.747581422329f,1.30368673801f,0.80483341217f,1.0f,-0.769271492958f,0.627997815609f,-0.117643788457f,0.0f,-0.620125830173f,-0.689540743828f,0.374135583639f,0.0f,0.153836190701f,0.360765397549f,0.919881641865f,0.0f,0.823011875153f,1.23020637035f,0.20532989502f,1.0f,-0.339987188578f,0.916160047054f,-0.212272077799f,0.0f,-0.928335666656f,-0.290869265795f,0.231491416693f,0.0f,0.15033967793f,0.275763630867f,0.949395775795f,0.0f,1.04811644554f,1.30610561371f,-0.197220414877f,1.0f,-0.0404644981027f,0.986011922359f,-0.161685392261f,0.0f,-0.999042510986f,-0.0426180921495f,-0.0098725091666f,0.0f,-0.0166254397482f,0.161130934954f,0.986792802811f,0.0f,1.11197841167f,1.41607534885f,-0.549458682537f,1.0f,0.152025446296f,0.986728787422f,-0.0570432692766f,0.0f,-0.975933611393f,0.140732333064f,-0.166577368975f,0.0f,-0.156339004636f,0.0809943154454f,0.984376966953f,0.0f,1.13975930214f,1.55752432346f,-0.903337180614f,1.0f,0.100950285792f,0.994879305363f,0.00488357432187f,0.0f,-0.934288561344f,0.0964870750904f,-0.343213111162f,0.0f,-0.341927021742f,0.0300846360624f,0.939244925976f,0.0f,0.497414767742f,1.90428459644f,-1.55423545837f,1.0f,-0.127191662788f,0.986593306065f,0.10225084424f,0.0f,-0.905325770378f,-0.0733580961823f,-0.418334305286f,0.0f,-0.405225157738f,-0.145779103041f,0.902519285679f,0.0f,0.848585903645f,1.73140919209f,-1.59141170979f,1.0f,-0.428156286478f,0.9030392766f,0.0346636474133f,0.0f,-0.900717973709f,-0.429543197155f,0.064805008471f,0.0f,0.0734110027552f,-0.00347575591877f,0.997295677662f,0.0f,0.837107121944f,1.69717347622f,-0.380785614252f,1.0f,-0.258859157562f,0.794517874718f,0.549302399158f,0.0f,-0.338268369436f,-0.607240557671f,0.718911409378f,0.0f,0.904746830463f,0.000285165588139f,0.425949990749f,0.0f,0.616536438465f,1.47854220867f,1.27464091778f,1.0f};
bone = new Bone("upper_leg_left");
bones.put("upper_leg_left", bone);
bone.restPose = new float[]{-0.999999940395f,-2.91586452761e-08f,-2.38132656705e-07f,0.0f,1.94343874327e-09f,-0.998673200607f,0.0514966733754f,0.0f,-1.68081328411e-07f,0.0514967143536f,0.998673200607f,0.0f,3.02823781967f,-0.408309072256f,-0.0464250892401f,1.0f};
bone.restPoseInverse = new float[]{-1.0f,-2.39318239892e-07f,-1.68569069814e-08f,-0.0f,1.67758216207e-07f,-0.998673021793f,0.0514967031777f,0.0f,-1.05964881314e-08f,0.0514966621995f,0.998673021793f,0.0f,3.02823758125f,0.0673907697201f,0.405376553535f,1.0f};
bone.frames = new float[]{-0.966921269894f,-0.231937661767f,0.106150746346f,0.0f,0.253616094589f,-0.82974845171f,0.497188597918f,0.0f,-0.0272382721305f,0.507663846016f,0.861124634743f,0.0f,1.84251856804f,-0.746526777744f,-0.0485967546701f,1.0f,-0.966921269894f,-0.231937661767f,0.106150746346f,0.0f,0.253616094589f,-0.82974845171f,0.497188597918f,0.0f,-0.0272382721305f,0.507663846016f,0.861124634743f,0.0f,1.84251856804f,-0.746526777744f,-0.0485967546701f,1.0f,-0.974732100964f,-0.19715128839f,0.105017080903f,0.0f,0.223264664412f,-0.844964742661f,0.485991299152f,0.0f,-0.0070780091919f,0.497157990932f,0.86763125658f,0.0f,1.74019289017f,-0.733512818813f,-0.0486209392548f,1.0f,-0.984553992748f,-0.145079791546f,0.0980061888695f,0.0f,0.174134045839f,-0.869573175907f,0.462082147598f,0.0f,0.0181848369539f,0.472011119127f,0.881405174732f,0.0f,1.638276577f,-0.720615446568f,-0.0485875457525f,1.0f,-0.987981617451f,-0.12608140707f,0.0894186124206f,0.0f,0.152544081211f,-0.888692557812f,0.432384043932f,0.0f,0.0249501280487f,0.440827846527f,0.897244930267f,0.0f,1.65795886517f,-0.681016981602f,-0.0498634278774f,1.0f,-0.989099621773f,-0.121225342155f,0.0835838094354f,0.0f,0.144498303533f,-0.908275723457f,0.39262637496f,0.0f,0.0283209308982f,0.400424361229f,0.915892124176f,0.0f,1.71479392052f,-0.578971862793f,-0.0524138510227f,1.0f,-0.990942955017f,-0.109736792743f,0.0773933529854f,0.0f,0.130445435643f,-0.923461914063f,0.360835373402f,0.0f,0.0318729579449f,0.367662936449f,0.929412841797f,0.0f,1.78614580631f,-0.480961441994f,-0.0528014451265f,1.0f,-0.994902729988f,-0.073714889586f,0.0688077136874f,0.0f,0.0933219641447f,-0.931588351727f,0.351332217455f,0.0f,0.0382020957768f,0.355962723494f,0.933719098568f,0.0f,1.84251844883f,-0.451499938965f,-0.0485967099667f,1.0f,-0.996577382088f,-0.00191833823919f,0.0826421976089f,0.0f,0.0319485142827f,-0.930985867977f,0.363654702902f,0.0f,0.0762411877513f,0.365050464869f,0.927860736847f,0.0f,1.8744571209f,-0.496309697628f,-0.0617329888046f,1.0f,-0.984378218651f,0.109475657344f,0.13789267838f,0.0f,-0.0456395074725f,-0.91507679224f,0.400688916445f,0.0f,0.170048132539f,0.388136178255f,0.905778050423f,0.0f,1.88774681091f,-0.604017913342f,-0.110797606409f,1.0f,-0.949764192104f,0.235008865595f,0.206684693694f,0.0f,-0.118560954928f,-0.881360054016f,0.457326769829f,0.0f,0.289639532566f,0.409847974777f,0.864947199821f,0.0f,1.90030038357f,-0.749009907246f,-0.17582732439f,1.0f,-0.90604621172f,0.336197733879f,0.257004529238f,0.0f,-0.169956699014f,-0.845278799534f,0.506575286388f,0.0f,0.387549996376f,0.415300995111f,0.823000729084f,0.0f,1.93912351131f,-0.88426142931f,-0.224306806922f,1.0f,-0.876129388809f,0.392910182476f,0.279318332672f,0.0f,-0.2037371099f,-0.826907098293f,0.524133443832f,0.0f,0.436907738447f,0.402301311493f,0.804528057575f,0.0f,2.02101612091f,-0.974128007889f,-0.235350355506f,1.0f,-0.945620000362f,0.284839749336f,0.157063886523f,0.0f,-0.195341959596f,-0.883392691612f,0.425979942083f,0.0f,0.260085195303f,0.372134029865f,0.890995025635f,0.0f,2.26872968674f,-0.723219931126f,-0.100878119469f,1.0f,-0.92960703373f,0.137665122747f,-0.341875761747f,0.0f,-0.202702000737f,-0.965694904327f,0.162312492728f,0.0f,-0.307802855968f,0.220185801387f,0.925621747971f,0.0f,2.12467193604f,-0.534134984016f,0.287808805704f,1.0f,-0.737990498543f,-0.00266840565018f,-0.674805700779f,0.0f,-0.0517396181822f,-0.996824800968f,0.0605258755386f,0.0f,-0.672824621201f,0.0795817598701f,0.73550927639f,0.0f,1.90862715244f,-0.395358383656f,0.463647544384f,1.0f,-0.717276096344f,-0.0760726034641f,-0.692623972893f,0.0f,-0.00319857243448f,-0.993652582169f,0.112447611988f,0.0f,-0.696781694889f,0.082871414721f,0.712479889393f,0.0f,2.01719093323f,-0.260784804821f,0.210445687175f,1.0f,-0.705597877502f,-0.0949952974916f,-0.702216088772f,0.0f,-0.0161366388202f,-0.988562524319f,0.149946346879f,0.0f,-0.708428621292f,0.117133282125f,0.695994734764f,0.0f,2.1804151535f,-0.150690957904f,-0.161145478487f,1.0f,-0.704554140568f,-0.0618497245014f,-0.706949830055f,0.0f,-0.0716183558106f,-0.984911561012f,0.157543674111f,0.0f,-0.706027150154f,0.161628618836f,0.689494073391f,0.0f,2.28719162941f,-0.0829328298569f,-0.34541708231f,1.0f,-0.779102802277f,0.0205825045705f,-0.626558184624f,0.0f,-0.125956401229f,-0.98421895504f,0.124290458858f,0.0f,-0.614112138748f,0.175754114985f,0.769400298595f,0.0f,2.31575059891f,-0.0781154558063f,-0.148392885923f,1.0f,-0.837209999561f,0.094130769372f,-0.538719713688f,0.0f,-0.188360363245f,-0.974434912205f,0.122462265193f,0.0f,-0.513419687748f,0.204000025988f,0.83353716135f,0.0f,2.32579493523f,-0.0893085375428f,-0.00962234847248f,1.0f,-0.818560063839f,0.092858210206f,-0.566865801811f,0.0f,-0.238768145442f,-0.952557146549f,0.188745304942f,0.0f,-0.522445440292f,0.289848893881f,0.801896810532f,0.0f,2.31543469429f,-0.0777567923069f,-0.187175616622f,1.0f,-0.782446563244f,0.054690297693f,-0.620311498642f,0.0f,-0.272998958826f,-0.925433576107f,0.26276281476f,0.0f,-0.559686541557f,0.374942243099f,0.739032745361f,0.0f,2.3038008213f,-0.0993981212378f,-0.3841535151f,1.0f,-0.733159065247f,0.0200279373676f,-0.67976218462f,0.0f,-0.308768719435f,-0.900401592255f,0.306494563818f,0.0f,-0.605920433998f,0.434598594904f,0.666321575642f,0.0f,2.27592086792f,-0.166863620281f,-0.38142362237f,1.0f,-0.673951089382f,-0.0157422553748f,-0.738608181477f,0.0f,-0.341302514076f,-0.880052566528f,0.330182105303f,0.0f,-0.655211746693f,0.474615514278f,0.58773958683f,0.0f,2.2539935112f,-0.241648450494f,-0.336493104696f,1.0f,-0.620306074619f,-0.0305226519704f,-0.783765852451f,0.0f,-0.37546312809f,-0.865765690804f,0.330873697996f,0.0f,-0.688656628132f,0.499518126249f,0.525579631329f,0.0f,2.2123196125f,-0.319141298532f,-0.302762180567f,1.0f,-0.66437214613f,-0.135730996728f,-0.734973967075f,0.0f,-0.2628031075f,-0.878151655197f,0.399730265141f,0.0f,-0.699674367905f,0.458723127842f,0.547749042511f,0.0f,2.10244393349f,-0.26156398654f,-0.884376704693f,1.0f,-0.736549675465f,-0.163496434689f,-0.656325757504f,0.0f,-0.159975335002f,-0.900705516338f,0.403902858496f,0.0f,-0.657192826271f,0.402490466833f,0.6372590065f,0.0f,2.01613807678f,-0.119198836386f,-0.940542459488f,1.0f,-0.836172997952f,0.0591053068638f,-0.545271754265f,0.0f,-0.238823384047f,-0.934213161469f,0.264969885349f,0.0f,-0.493738949299f,0.351784437895f,0.795279622078f,0.0f,2.16575074196f,0.00134641083423f,-0.370439559221f,1.0f,-0.90105599165f,0.189875423908f,-0.38992998004f,0.0f,-0.281164556742f,-0.940287530422f,0.191848769784f,0.0f,-0.330218881369f,0.28250092268f,0.900637984276f,0.0f,2.35229110718f,0.0203081239015f,0.202081620693f,1.0f};
bone = new Bone("neck");
bones.put("neck", bone);
bone.restPose = new float[]{-0.998980462551f,0.0306030716747f,0.0331919640303f,0.0f,0.0386332683265f,0.959880292416f,0.277735352516f,0.0f,-0.0233607664704f,0.27873441577f,-0.960084080696f,0.0f,2.31940937042f,3.80354571342f,-0.0314177460968f,1.0f};
bone.restPoseInverse = new float[]{-0.998980224133f,-0.0233607590199f,-0.0386332683265f,-0.0f,-0.0331919640303f,0.960084021091f,0.277735352516f,0.0f,0.0306030772626f,0.278734534979f,-0.959880709648f,-0.0f,2.20168685913f,-1.03616011143f,3.73183059692f,1.0f};
bone.frames = new float[]{-0.970643281937f,-0.238677456975f,0.0297465790063f,0.0f,-0.23734818399f,0.970504760742f,0.0422641225159f,0.0f,-0.0389567166567f,0.0339632220566f,-0.998663663864f,0.0f,0.532321095467f,3.05448627472f,1.7082760334f,1.0f,-0.970643281937f,-0.238677456975f,0.0297465790063f,0.0f,-0.23734818399f,0.970504760742f,0.0422641225159f,0.0f,-0.0389567166567f,0.0339632220566f,-0.998663663864f,0.0f,0.532321095467f,3.05448627472f,1.7082760334f,1.0f,-0.975527048111f,-0.219028532505f,0.0193310342729f,0.0f,-0.215766102076f,0.970495343208f,0.107627421618f,0.0f,-0.0423341766f,0.100822508335f,-0.994003415108f,0.0f,0.515858769417f,3.01305651665f,1.81822633743f,1.0f,-0.983641326427f,-0.179448902607f,-0.0157499853522f,0.0f,-0.177154228091f,0.947790026665f,0.265160948038f,0.0f,-0.0326551757753f,0.26361349225f,-0.964075565338f,0.0f,0.555510520935f,2.89725255966f,2.01830506325f,1.0f,-0.988202989101f,-0.1426987499f,-0.0556061565876f,0.0f,-0.152864441276f,0.941216409206f,0.301237374544f,0.0f,0.00935120787472f,0.306183844805f,-0.951926648617f,0.0f,0.655988633633f,3.05464220047f,1.69648480415f,1.0f,-0.98641037941f,-0.13856549561f,-0.0882851332426f,0.0f,-0.157326444983f,0.951485097408f,0.264431715012f,0.0f,0.0473608709872f,0.274727702141f,-0.960355162621f,0.0f,0.701696693897f,3.24736857414f,1.21408355236f,1.0f,-0.980445384979f,-0.158471152186f,-0.116678670049f,0.0f,-0.189899981022f,0.917411088943f,0.34970664978f,0.0f,0.0516238920391f,0.365025371313f,-0.929565250874f,0.0f,0.655844092369f,3.18811488152f,1.26664304733f,1.0f,-0.972990393639f,-0.200435116887f,-0.114523723722f,0.0f,-0.229633867741f,0.891150772572f,0.391303509474f,0.0f,0.023626934737f,0.407032936811f,-0.913107931614f,0.0f,0.622402489185f,3.14598202705f,1.30187749863f,1.0f,-0.964606940746f,-0.249072611332f,-0.0865830257535f,0.0f,-0.263348668814f,0.893171787262f,0.364542901516f,0.0f,-0.013464089483f,0.374441921711f,-0.927152633667f,0.0f,0.656111121178f,3.13921332359f,1.18718981743f,1.0f,-0.956543982029f,-0.288302093744f,-0.0436556041241f,0.0f,-0.286221295595f,0.899759948254f,0.329407602549f,0.0f,-0.0556893311441f,0.327587753534f,-0.943178236485f,0.0f,0.760175347328f,3.0687019825f,1.0334956646f,1.0f,-0.948568463326f,-0.316427409649f,0.00957727618515f,0.0f,-0.300928592682f,0.910673379898f,0.28304746747f,0.0f,-0.0982858091593f,0.265607565641f,-0.959058225155f,0.0f,0.90607625246f,2.96966719627f,0.85138708353f,1.0f,-0.939404785633f,-0.337166458368f,0.0619470737875f,0.0f,-0.316219449043f,0.92205286026f,0.223212212324f,0.0f,-0.132378220558f,0.190097615123f,-0.972799599171f,0.0f,1.03957259655f,2.91070747375f,0.668636202812f,1.0f,-0.928974688053f,-0.355172008276f,0.104206882417f,0.0f,-0.338503986597f,0.92909348011f,0.148997694254f,0.0f,-0.149737790227f,0.103140488267f,-0.983331561089f,0.0f,1.12501335144f,2.94408893585f,0.504917263985f,1.0f,-0.964099645615f,-0.257512897253f,-0.0648009628057f,0.0f,-0.265520334244f,0.931820988655f,0.247403532267f,0.0f,-0.00332673126832f,0.255727618933f,-0.966743171215f,0.0f,1.32141327858f,3.11300492287f,1.74938964844f,1.0f,-0.981507778168f,-0.102367393672f,-0.161751717329f,0.0f,-0.152193233371f,0.929827451706f,0.335049122572f,0.0f,0.116103105247f,0.353470832109f,-0.92821252346f,0.0f,1.4334384203f,3.21046948433f,1.91046965122f,1.0f,-0.953329861164f,0.0535457842052f,-0.297145158052f,0.0f,-0.0836695730686f,0.898755133152f,0.430393099785f,0.0f,0.29010656476f,0.435168474913f,-0.85233014822f,0.0f,1.40679681301f,3.20407128334f,2.04521632195f,1.0f,-0.906411349773f,0.163113370538f,-0.389631539583f,0.0f,-0.0328198112547f,0.892445981503f,0.449958622456f,0.0f,0.421119451523f,0.420635193586f,-0.803569853306f,0.0f,1.45642912388f,3.28489947319f,1.95545136929f,1.0f,-0.916956305504f,0.157833114266f,-0.366442352533f,0.0f,-0.0502269230783f,0.865460455418f,0.498452842236f,0.0f,0.395813912153f,0.475464701653f,-0.78566211462f,0.0f,1.47493004799f,3.21715569496f,1.88461077213f,1.0f,-0.982743740082f,0.0450651049614f,-0.179398968816f,0.0f,-0.0688644573092f,0.811010301113f,0.580964446068f,0.0f,0.171675771475f,0.583293378353f,-0.793911993504f,0.0f,1.52672719955f,3.09372782707f,1.98258042336f,1.0f,-0.997512161732f,-0.0148086324334f,-0.0689247623086f,0.0f,-0.0503097139299f,0.834419429302f,0.548828780651f,0.0f,0.0493847727776f,0.550930857658f,-0.833088517189f,0.0f,1.70168876648f,3.17415046692f,2.20768928528f,1.0f,-0.998361051083f,-0.0522617436945f,0.0233298558742f,0.0f,-0.0338195078075f,0.867556154728f,0.496187776327f,0.0f,-0.0461716540158f,0.494585573673f,-0.867901682854f,0.0f,1.89954185486f,3.367010355f,2.23175883293f,1.0f,-0.993136584759f,0.0844558551908f,-0.0809136331081f,0.0f,0.0303725432605f,0.854294717312f,0.51890039444f,0.0f,0.112948276103f,0.512881457806f,-0.850996792316f,0.0f,2.05759453773f,3.46392011642f,1.85139226913f,1.0f,-0.952949225903f,0.203789249063f,-0.224405944347f,0.0f,0.050995759666f,0.837520837784f,0.544020175934f,0.0f,0.298810243607f,0.506979763508f,-0.808507323265f,0.0f,2.17655467987f,3.46309304237f,1.40925323963f,1.0f,-0.913617432117f,0.248733609915f,-0.321613281965f,0.0f,0.0451661348343f,0.848224937916f,0.527706563473f,0.0f,0.404058784246f,0.467595815659f,-0.786187469959f,0.0f,2.27801609039f,3.39875173569f,1.27828943729f,1.0f,-0.852827250957f,0.312197297812f,-0.418591082096f,0.0f,0.0517381355166f,0.848174989223f,0.527183175087f,0.0f,0.519623816013f,0.427938908339f,-0.739499330521f,0.0f,2.35881686211f,3.25065231323f,1.28105187416f,1.0f,-0.814168274403f,0.350392132998f,-0.462985426188f,0.0f,0.066477842629f,0.848395466805f,0.525171875954f,0.0f,0.576810956001f,0.396799921989f,-0.714030206203f,0.0f,2.40610957146f,3.17250037193f,1.25871133804f,1.0f,-0.865929245949f,0.292358249426f,-0.405824512243f,0.0f,0.0587138384581f,0.865185022354f,0.498003274202f,0.0f,0.49670869112f,0.407407909632f,-0.766354680061f,0.0f,2.3556804657f,3.37800788879f,0.581012606621f,1.0f,-0.943009197712f,0.180815383792f,-0.279355973005f,0.0f,0.024250600487f,0.87460321188f,0.484231978655f,0.0f,0.331882327795f,0.449860543013f,-0.829143881798f,0.0f,2.21404218674f,3.66197276115f,0.494865000248f,1.0f,-0.992318212986f,0.0604911036789f,-0.107914783061f,0.0f,-0.0121534895152f,0.820416986942f,0.571636378765f,0.0f,0.123114101589f,0.568556547165f,-0.813379645348f,0.0f,2.11647939682f,3.65041923523f,1.50105893612f,1.0f,-0.999464511871f,-0.0257623270154f,-0.0201821699739f,0.0f,-0.0327247977257f,0.780625283718f,0.624141871929f,0.0f,-0.000324635126162f,0.624467909336f,-0.781050384045f,0.0f,2.0830745697f,3.56466507912f,2.40767526627f,1.0f};
bone = new Bone("lower_leg_right");
bones.put("lower_leg_right", bone);
bone.restPose = new float[]{-0.996707439423f,0.0603636093438f,-0.0541343316436f,0.0f,-0.0541342385113f,-0.992460787296f,-0.109958425164f,0.0f,-0.0603636726737f,-0.106665834785f,0.992460846901f,0.0f,1.52863883972f,-2.85517954826f,0.0776203200221f,1.0f};
bone.restPoseInverse = new float[]{-0.996707439423f,-0.0603636987507f,0.0541342459619f,-0.0f,0.0541343167424f,-0.99246096611f,-0.109958425164f,-0.0f,0.0603636167943f,-0.106665879488f,0.992461025715f,-0.0f,1.70015668869f,-0.289311081171f,2.74236750603f,1.0f};
bone.frames = new float[]{-0.977755486965f,-0.0203117784113f,-0.208761900663f,0.0f,0.0824872329831f,-0.952338814735f,-0.293677330017f,0.0f,-0.19284696877f,-0.304364770651f,0.932830154896f,0.0f,0.0417168699205f,-2.81957030296f,1.17244458199f,1.0f,-0.977755486965f,-0.0203117784113f,-0.208761900663f,0.0f,0.0824872329831f,-0.952338814735f,-0.293677330017f,0.0f,-0.19284696877f,-0.304364770651f,0.932830154896f,0.0f,0.0417168699205f,-2.81957030296f,1.17244458199f,1.0f,-0.976681828499f,-0.0565644912422f,-0.207106143236f,0.0f,0.118202380836f,-0.94697022438f,-0.298790037632f,0.0f,-0.179222434759f,-0.316303223372f,0.931574761868f,0.0f,-0.148316398263f,-2.85364985466f,1.08177232742f,1.0f,-0.968705236912f,-0.13421651721f,-0.208796873689f,0.0f,0.194413244724f,-0.933250546455f,-0.302070856094f,0.0f,-0.154316887259f,-0.33321043849f,0.930138170719f,0.0f,-0.451291590929f,-2.8804500103f,0.875317215919f,1.0f,-0.962881147861f,-0.171136081219f,-0.208739861846f,0.0f,0.227729678154f,-0.930206656456f,-0.287844866514f,0.0f,-0.144910588861f,-0.324696630239f,0.934651255608f,0.0f,-0.522349298f,-2.83405613899f,0.762925386429f,1.0f,-0.974379062653f,-0.102186784148f,-0.200358137488f,0.0f,0.156432643533f,-0.94796949625f,-0.277276694775f,0.0f,-0.161599352956f,-0.301515072584f,0.939666986465f,0.0f,-0.346113801003f,-2.77372121811f,0.751946151257f,1.0f,-0.979501187801f,0.0506485849619f,-0.194967150688f,0.0f,0.00683612376451f,-0.958958804607f,-0.283462613821f,0.0f,-0.201322436333f,-0.27898478508f,0.938955068588f,0.0f,-0.0473691858351f,-2.73963952065f,0.757060229778f,1.0f,-0.970448613167f,0.121066793799f,-0.208740010858f,0.0f,-0.0573447309434f,-0.955958545208f,-0.287844866514f,0.0f,-0.234395265579f,-0.267368495464f,0.934651136398f,0.0f,0.0870693400502f,-2.72417998314f,0.761748373508f,1.0f,-0.966515243053f,0.0987816154957f,-0.236834213138f,0.0f,-0.0332401767373f,-0.963356733322f,-0.26615563035f,0.0f,-0.254447132349f,-0.249371036887f,0.934382379055f,0.0f,0.0352040939033f,-2.73907065392f,0.83151692152f,1.0f,-0.965375542641f,0.0285037029535f,-0.259302377701f,0.0f,0.0255812108517f,-0.978877425194f,-0.202840715647f,0.0f,-0.25960701704f,-0.202450722456f,0.944255053997f,0.0f,-0.0982810407877f,-2.75200843811f,1.04336059093f,1.0f,-0.964876830578f,-0.0702894479036f,-0.253124535084f,0.0f,0.103551641107f,-0.987289428711f,-0.120567277074f,0.0f,-0.241432607174f,-0.142544046044f,0.959891319275f,0.0f,-0.233280569315f,-2.7017455101f,1.34125542641f,1.0f,-0.963569164276f,-0.144925668836f,-0.224791184068f,0.0f,0.163775384426f,-0.984184980392f,-0.0675078853965f,0.0f,-0.21145246923f,-0.101863794029f,0.972065508366f,0.0f,-0.305350720882f,-2.59248638153f,1.5968272686f,1.0f,-0.964555323124f,-0.158902645111f,-0.210672751069f,0.0f,0.176623851061f,-0.981924176216f,-0.068034529686f,0.0f,-0.196053877473f,-0.102832913399f,0.975186109543f,0.0f,-0.334830015898f,-2.48579406738f,1.72706830502f,1.0f,-0.909923374653f,-0.118562825024f,-0.397469848394f,0.0f,0.171330884099f,-0.980140030384f,-0.0998558998108f,0.0f,-0.377736985683f,-0.158960044384f,0.912165701389f,0.0f,-0.460135549307f,-2.05394244194f,1.38446199894f,1.0f,-0.537019431591f,-0.118957459927f,-0.835140287876f,0.0f,0.2751108706f,-0.960576713085f,-0.0400794669986f,0.0f,-0.797448456287f,-0.251279592514f,0.548574745655f,0.0f,-1.15638649464f,-1.64454221725f,0.0260795429349f,1.0f,-0.120903365314f,-0.120386131108f,-0.985337376595f,0.0f,0.33525159955f,-0.939247906208f,0.0736189708114f,0.0f,-0.934338748455f,-0.321435064077f,0.153917759657f,0.0f,-1.08705186844f,-1.27629089355f,-1.274310112f,1.0f,-0.0898663029075f,-0.0397920683026f,-0.995158553123f,0.0f,0.277572035789f,-0.96061205864f,0.013345092535f,0.0f,-0.956492245197f,-0.275028944016f,0.0973719283938f,0.0f,-1.00717592239f,-0.733428120613f,-1.70625245571f,1.0f,-0.140711992979f,0.0286980196834f,-0.989634513855f,0.0f,0.20776873827f,-0.976465344429f,-0.057857863605f,0.0f,-0.968004226685f,-0.21375644207f,0.131437778473f,0.0f,-0.930301606655f,-0.215438842773f,-1.95491981506f,1.0f,-0.240029647946f,0.0708804950118f,-0.968174517155f,0.0f,0.184365928173f,-0.975850939751f,-0.117150343955f,0.0f,-0.953097581863f,-0.206617891788f,0.221165135503f,0.0f,-0.921423971653f,-0.00230087270029f,-1.91793346405f,1.0f,-0.811069726944f,0.0297976713628f,-0.584190249443f,0.0f,0.120332248509f,-0.968842327595f,-0.21648272872f,0.0f,-0.572438836098f,-0.245879501104f,0.782212913036f,0.0f,-0.792947769165f,-0.158592969179f,-0.0290825534612f,1.0f,-0.911277651787f,0.0229656882584f,-0.411151766777f,0.0f,0.079715706408f,-0.969718933105f,-0.230847358704f,0.0f,-0.40400326252f,-0.243141323328f,0.881852447987f,0.0f,-0.610034167767f,-0.328197747469f,0.617002665997f,1.0f,-0.921673417091f,-0.0378421284258f,-0.386116921902f,0.0f,0.0946585610509f,-0.987088859081f,-0.129211395979f,0.0f,-0.376241892576f,-0.155639961362f,0.913355529308f,0.0f,-0.434570580721f,-0.620164692402f,0.445888161659f,1.0f,-0.89982676506f,-0.105606220663f,-0.423271894455f,0.0f,0.12977078557f,-0.991131722927f,-0.0285902116448f,0.0f,-0.416498810053f,-0.0806546211243f,0.905551493168f,0.0f,-0.328531384468f,-0.890423774719f,0.115749463439f,1.0f,-0.870135128498f,-0.180253714323f,-0.458665013313f,0.0f,0.238783076406f,-0.968367874622f,-0.0724311247468f,0.0f,-0.431100547314f,-0.172546267509f,0.8856523633f,0.0f,-0.379992216825f,-0.961309254169f,-0.0405635498464f,1.0f,-0.815820097923f,-0.327710956335f,-0.476490437984f,0.0f,0.454537540674f,-0.872764706612f,-0.177981287241f,0.0f,-0.357537508011f,-0.361783474684f,0.860975980759f,0.0f,-0.472425580025f,-1.01427793503f,-0.180731832981f,1.0f,-0.774038553238f,-0.430385738611f,-0.4643625319f,0.0f,0.559610307217f,-0.808112502098f,-0.183821380138f,0.0f,-0.296142876148f,-0.402146786451f,0.866358578205f,0.0f,-0.530777394772f,-1.04900288582f,-0.286767154932f,1.0f,-0.833224654198f,-0.400313436985f,-0.381425946951f,0.0f,0.487032175064f,-0.857945084572f,-0.163492262363f,0.0f,-0.261794298887f,-0.32199254632f,0.909826636314f,0.0f,-0.619622349739f,-0.701054871082f,-0.810000956059f,1.0f,-0.887111008167f,-0.34796243906f,-0.303242743015f,0.0f,0.397435218096f,-0.909942984581f,-0.118529163301f,0.0f,-0.234689816833f,-0.225667908788f,0.94551295042f,0.0f,-0.692759633064f,-0.256948888302f,-0.779282867908f,1.0f,-0.942984044552f,-0.239852488041f,-0.230763554573f,0.0f,0.282800137997f,-0.942987322807f,-0.175496011972f,0.0f,-0.175513893366f,-0.230750054121f,0.957052350044f,0.0f,-0.718949079514f,0.0294491015375f,0.0361466892064f,1.0f,-0.980316519737f,-0.127382487059f,-0.150841400027f,0.0f,0.16145773232f,-0.956954717636f,-0.241182491183f,0.0f,-0.11362592876f,-0.260789752007f,0.958685457706f,0.0f,-0.641140699387f,0.159544974566f,0.919669806957f,1.0f};
bone = new Bone("spine");
bones.put("spine", bone);
bone.restPose = new float[]{-0.9998472929f,0.00562741560861f,0.016550866887f,0.0f,0.00565315689892f,0.999982714653f,0.00150919379666f,0.0f,-0.0165420938283f,0.00160254002549f,-0.999861955643f,0.0f,2.30762338638f,1.71873152256f,-0.0345641896129f,1.0f};
bone.restPoseInverse = new float[]{-0.999847114086f,-0.0165420882404f,-0.00565316202119f,-0.0f,-0.016550866887f,0.999861836433f,0.00150920602027f,0.0f,0.00562741141766f,0.00160252803471f,-0.999983072281f,-0.0f,2.29817056656f,0.00085918122204f,1.73169565201f,1.0f};
bone.frames = new float[]{-0.988760709763f,-0.146395504475f,0.0303454827517f,0.0f,-0.118250489235f,0.889963209629f,0.440433979034f,0.0f,-0.0914839282632f,0.431895464659f,-0.897272109985f,0.0f,0.778855681419f,1.19904625416f,0.790037095547f,1.0f,-0.988760709763f,-0.146395504475f,0.0303454827517f,0.0f,-0.118250489235f,0.889963209629f,0.440433979034f,0.0f,-0.0914839282632f,0.431895464659f,-0.897272109985f,0.0f,0.778855681419f,1.19904625416f,0.790037095547f,1.0f,-0.991607606411f,-0.126617610455f,0.0261277724057f,0.0f,-0.0968215093017f,0.861214756966f,0.498933374882f,0.0f,-0.0856753885746f,0.492216348648f,-0.866246461868f,0.0f,0.717717111111f,1.21755278111f,0.77802491188f,1.0f,-0.996029496193f,-0.0888169705868f,0.00608902797103f,0.0f,-0.0649036541581f,0.771265685558f,0.633195459843f,0.0f,-0.060934767127f,0.630286097527f,-0.773967981339f,0.0f,0.6908249259f,1.28927910328f,0.698187291622f,1.0f,-0.998154342175f,-0.0527084954083f,-0.0301644485444f,0.0f,-0.0594178698957f,0.744932949543f,0.664487957954f,0.0f,-0.0125536806881f,0.665053725243f,-0.746690094471f,0.0f,0.779865980148f,1.50156855583f,0.311126887798f,1.0f,-0.996665358543f,-0.0477314144373f,-0.0661817491055f,0.0f,-0.079025991261f,0.766672313213f,0.637156426907f,0.0f,0.0203273445368f,0.640261590481f,-0.767888009548f,0.0f,0.866454064846f,1.64897167683f,-0.114292234182f,1.0f,-0.993771135807f,-0.0704553648829f,-0.086343832314f,0.0f,-0.110911585391f,0.700762450695f,0.704720199108f,0.0f,0.0108551969752f,0.709906816483f,-0.704211890697f,0.0f,0.887078166008f,1.72713005543f,-0.202593028545f,1.0f,-0.990170300007f,-0.114563040435f,-0.080239713192f,0.0f,-0.136376172304f,0.663388967514f,0.735742151737f,0.0f,-0.031058723107f,0.739452540874f,-0.672491788864f,0.0f,0.906726419926f,1.76291525364f,-0.23203471303f,1.0f,-0.985109448433f,-0.162901356816f,-0.054980546236f,0.0f,-0.15275631845f,0.682540178299f,0.714705765247f,0.0f,-0.0789000689983f,0.712461769581f,-0.697260975838f,0.0f,0.974585175514f,1.71621930599f,-0.302864670753f,1.0f,-0.9793664217f,-0.201490700245f,-0.0155936069787f,0.0f,-0.157159253955f,0.710830748081f,0.685580551624f,0.0f,-0.127053692937f,0.673884928226f,-0.727829933167f,0.0f,1.08782887459f,1.58672630787f,-0.395837128162f,1.0f,-0.972945094109f,-0.228667974472f,0.0329998359084f,0.0f,-0.153970777988f,0.748246610165f,0.645306169987f,0.0f,-0.172252938151f,0.622766137123f,-0.763211131096f,0.0f,1.2270822525f,1.40968501568f,-0.493979662657f,1.0f,-0.96536809206f,-0.248491734266f,0.0794758349657f,0.0f,-0.154858291149f,0.790942072868f,0.591970860958f,0.0f,-0.209960728884f,0.559162080288f,-0.80203127861f,0.0f,1.36242890358f,1.26171159744f,-0.565534412861f,1.0f,-0.957132577896f,-0.266038566828f,0.114546939731f,0.0f,-0.168996840715f,0.834092617035f,0.52509957552f,0.0f,-0.235239580274f,0.483231544495f,-0.843296945095f,0.0f,1.47734642029f,1.20513057709f,-0.589836776257f,1.0f,-0.984775424004f,-0.168060585856f,-0.0444208420813f,0.0f,-0.158882021904f,0.766520500183f,0.622256100178f,0.0f,-0.0705272778869f,0.619840085506f,-0.781552433968f,0.0f,1.65265846252f,1.51492440701f,0.452078849077f,1.0f,-0.990614295006f,-0.0270354468375f,-0.133987277746f,0.0f,-0.113234348595f,0.711361348629f,0.693644702435f,0.0f,0.0765603706241f,0.702306210995f,-0.707746148109f,0.0f,1.6695151329f,1.72738754749f,0.464324235916f,1.0f,-0.958884596825f,0.0883715450764f,-0.269686758518f,0.0f,-0.152705550194f,0.640321791172f,0.752774119377f,0.0f,0.239210173488f,0.763005971909f,-0.600500106812f,0.0f,1.7251650095f,1.86909615993f,0.475795000792f,1.0f,-0.91536962986f,0.149961218238f,-0.373644739389f,0.0f,-0.197830483317f,0.640756189823f,0.741818368435f,0.0f,0.350659221411f,0.752956092358f,-0.556861996651f,0.0f,1.86887609959f,1.94901871681f,0.408871054649f,1.0f,-0.926135122776f,0.106669314206f,-0.36179497838f,0.0f,-0.231659963727f,0.596102774143f,0.768762052059f,0.0f,0.297670453787f,0.795790791512f,-0.527360856533f,0.0f,1.95790636539f,1.97437059879f,0.281856954098f,1.0f,-0.98290169239f,-0.0197821781039f,-0.183065623045f,0.0f,-0.168406948447f,0.498594641685f,0.850318968296f,0.0f,0.0744545087218f,0.86660939455f,-0.493401139975f,0.0f,1.87783050537f,2.05423259735f,0.209792658687f,1.0f,-0.995073676109f,-0.0700289383531f,-0.0701760500669f,0.0f,-0.0968610569835f,0.535827934742f,0.838752806187f,0.0f,-0.0211346913129f,0.841418027878f,-0.539971470833f,0.0f,1.9036295414f,2.0570294857f,0.459015280008f,1.0f,-0.996633112431f,-0.078969605267f,0.0220564361662f,0.0f,-0.0299808308482f,0.601369082928f,0.798408508301f,0.0f,-0.0763141363859f,0.795059025288f,-0.601712048054f,0.0f,1.96204733849f,2.11324572563f,0.56719648838f,1.0f,-0.991001546383f,0.101131282747f,-0.0876842811704f,0.0f,-0.00935466121882f,0.601157784462f,0.799075484276f,0.0f,0.133523628116f,0.792705118656f,-0.594802498817f,0.0f,2.07709765434f,2.21059608459f,0.185439497232f,1.0f,-0.934574186802f,0.267889082432f,-0.234108567238f,0.0f,-0.0276423953474f,0.601369023323f,0.798492968082f,0.0f,0.354693293571f,0.752722024918f,-0.554619014263f,0.0f,2.23418498039f,2.20932865143f,-0.255485087633f,1.0f,-0.874299764633f,0.351851791143f,-0.334365934134f,0.0f,-0.041003651917f,0.632864058018f,0.773176372051f,0.0f,0.483651667833f,0.689697921276f,-0.538885772228f,0.0f,2.36350250244f,2.07932496071f,-0.333667576313f,1.0f,-0.790797114372f,0.437003791332f,-0.428564667702f,0.0f,-0.0555590838194f,0.646039187908f,0.761279463768f,0.0f,0.609551727772f,0.625828027725f,-0.486606478691f,0.0f,2.4746491909f,1.90375721455f,-0.306101888418f,1.0f,-0.740345239639f,0.48004463315f,-0.47058069706f,0.0f,-0.0553373023868f,0.654135167599f,0.754350602627f,0.0f,0.669945418835f,0.584520339966f,-0.457721620798f,0.0f,2.52147960663f,1.80872654915f,-0.313996762037f,1.0f,-0.801575124264f,0.423063367605f,-0.422486722469f,0.0f,-0.0354907177389f,0.671710431576f,0.739963114262f,0.0f,0.596840023994f,0.608130097389f,-0.523411750793f,0.0f,2.42967319489f,1.97759222984f,-0.961699724197f,1.0f,-0.900252997875f,0.310562312603f,-0.305116057396f,0.0f,-0.0160281807184f,0.676707088947f,0.736077666283f,0.0f,0.435072273016f,0.667546391487f,-0.604229986668f,0.0f,2.24745845795f,2.25113987923f,-1.03974676132f,1.0f,-0.974600315094f,0.185310274363f,-0.125755861402f,0.0f,0.0100781694055f,0.597252964973f,0.801989555359f,0.0f,0.223725035787f,0.780351698399f,-0.583950638771f,0.0f,2.09546780586f,2.4052362442f,-0.170969292521f,1.0f,-0.995778501034f,0.0856837332249f,-0.0329201519489f,0.0f,0.0194109790027f,0.547103822231f,0.836839616299f,0.0f,0.0897143036127f,0.832667708397f,-0.546457529068f,0.0f,2.0426056385f,2.42403554916f,0.662990033627f,1.0f};
bone = new Bone("lower_leg_left");
bones.put("lower_leg_left", bone);
bone.restPose = new float[]{-0.998234272003f,-0.0441413968801f,0.0397456847131f,0.0f,0.0397456921637f,-0.993645608425f,-0.105303406715f,0.0f,0.0441414229572f,-0.103537715971f,0.993645608425f,0.0f,3.02823781967f,-2.81391191483f,0.0776200518012f,1.0f};
bone.restPoseInverse = new float[]{-0.998234450817f,0.0441413633525f,-0.0397457294166f,-0.0f,-0.0397457517684f,-0.99364554882f,-0.105303362012f,0.0f,-0.0441413745284f,-0.103537753224f,0.99364554882f,-0.0f,2.89559650421f,-0.502143502235f,2.90821695328f,1.0f};
