
/* evil bone representation made by funky bone exporter */
package se.combitech.strokesformartians;

import java.util.HashMap;

public class Leroy3
{
public class Bone
    {
    	public String name;
	/**
	 * The coordinates in armaturespace that defines the restpose for the bone. A 4x4 matrix.
	 */
        public float [] restPose;

        /**
         * The inverse of the restpose transform
         */
        public float [] restPoseInverse;
	/**
	 * Transformation matrix for the bone on the format frames[framenumber * 16 + matrixindice] where matrixindice is a value from 0 to 15 specifying which element in a column major 4x4 matrix to use.
	 */
        public float [] frames;

	public Bone(String name)
	{
		this.name = name;
	}
    }

public HashMap<String, Bone> bones;
        public int numFrames;

        public Leroy3()
        {
numFrames = 30;
bones = new HashMap<String, Bone>();

chain0();
}

private void chain0()
{
Bone bone;
bone = new Bone("lower_arm_right");
bones.put("lower_arm_right", bone);
bone.restPose = new float[]{-0.999697089195f,-0.0152934230864f,0.0192796066403f,0.0f,0.019135305658f,-0.975706577301f,0.218242540956f,0.0f,0.0154736023396f,0.218545243144f,0.975704014301f,0.0f,-1.17424178123f,1.33657944202f,-0.481624811888f,1.0f};
bone.restPoseInverse = new float[]{-0.999697208405f,0.019135331735f,0.015473571606f,-0.0f,-0.01529340446f,-0.975707352161f,0.218545466661f,0.0f,0.0192796364427f,0.218242511153f,0.975704193115f,-0.0f,-1.14415991306f,1.43169081211f,0.19598968327f,1.0f};
bone.frames = new float[]{-0.0575690791011f,-0.0366013199091f,-0.997672259808f,0.0f,-0.914496779442f,0.402809083462f,0.0379913784564f,0.0f,0.400481671095f,0.914551615715f,-0.0566612668335f,0.0f,-4.30709838867f,4.5352678299f,-0.304398536682f,1.0f,-0.0575690791011f,-0.0366013199091f,-0.997672259808f,0.0f,-0.914496779442f,0.402809083462f,0.0379913784564f,0.0f,0.400481671095f,0.914551615715f,-0.0566612668335f,0.0f,-4.30709838867f,4.5352678299f,-0.304398536682f,1.0f,-0.060030952096f,-0.0218285564333f,-0.997959375381f,0.0f,-0.901621818542f,0.43019926548f,0.0448256209493f,0.0f,0.428343862295f,0.902469396591f,-0.0455065369606f,0.0f,-4.13619279861f,4.62642717361f,-0.253157675266f,1.0f,-0.064453266561f,0.0224316101521f,-0.997670412064f,0.0f,-0.858540475368f,0.508365869522f,0.0668945610523f,0.0f,0.508682668209f,0.860848546028f,-0.0135075990111f,0.0f,-3.62323737144f,4.87867116928f,-0.096469886601f,1.0f,-0.0627155005932f,0.091546215117f,-0.993825852871f,0.0f,-0.778776109219f,0.618266522884f,0.106095999479f,0.0f,0.624162077904f,0.780618607998f,0.032518774271f,0.0f,-2.83493208885f,5.21059036255f,0.158084124327f,1.0f,-0.0477366819978f,0.173132061958f,-0.983742892742f,0.0f,-0.666588008404f,0.727952301502f,0.160460889339f,0.0f,0.743898928165f,0.663408100605f,0.0806573629379f,0.0f,-1.95239722729f,5.51013374329f,0.477674454451f,1.0f,-0.021186619997f,0.251604825258f,-0.967600047588f,0.0f,-0.540831685066f,0.811100721359f,0.22275224328f,0.0f,0.840866088867f,0.528025329113f,0.11889076978f,0.0f,-1.19620847702f,5.71137619019f,0.811167299747f,1.0f,0.00740277534351f,0.315731346607f,-0.948821544647f,0.0f,-0.423839211464f,0.860391676426f,0.282998412848f,0.0f,0.905709147453f,0.400050252676f,0.140187948942f,0.0f,-0.711202800274f,5.81815958023f,1.10806727409f,1.0f,0.0322252810001f,0.36350902915f,-0.931034743786f,0.0f,-0.316508561373f,0.887288630009f,0.335473686457f,0.0f,0.948044002056f,0.283867448568f,0.143646210432f,0.0f,-0.377368241549f,5.75204944611f,1.35262537003f,1.0f,0.0504456609488f,0.394205123186f,-0.917638778687f,0.0f,-0.220678716898f,0.900496900082f,0.37470972538f,0.0f,0.974042892456f,0.183599069715f,0.132418379188f,0.0f,-0.115178704262f,5.56113243103f,1.52950429916f,1.0f,0.0734710767865f,0.55465722084f,-0.828830718994f,0.0f,-0.353310465813f,0.791651844978f,0.49845790863f,0.0f,0.932618796825f,0.256210774183f,0.254129081964f,0.0f,-1.3228815794f,5.02988386154f,2.51837539673f,1.0f,0.0581781938672f,0.47094860673f,-0.880242168903f,0.0f,-0.216831833124f,0.866646289825f,0.449343323708f,0.0f,0.9744759202f,0.164720878005f,0.152536079288f,0.0f,-0.487195670605f,5.71560049057f,2.06892991066f,1.0f,0.0249283146113f,0.342906475067f,-0.939040601254f,0.0f,-0.105210967362f,0.935014665127f,0.338643223047f,0.0f,0.994139373302f,0.0903541222215f,0.0593856237829f,0.0f,0.271129727364f,6.2574763298f,1.33040976524f,1.0f,-0.000496505992487f,0.234558463097f,-0.972103893757f,0.0f,-0.0679936110973f,0.969845116138f,0.234047934413f,0.0f,0.997687757015f,0.0662115812302f,0.0154668753967f,0.0f,0.563699603081f,6.33807325363f,0.752440392971f,1.0f,-0.0266456454992f,0.142531916499f,-0.989433646202f,0.0f,-0.0480165146291f,0.988458573818f,0.143684133887f,0.0f,0.998493134975f,0.0513362400234f,-0.0194942168891f,0.0f,0.748238325119f,6.20139217377f,0.278063267469f,1.0f,-0.0450657643378f,0.0856159031391f,-0.995310544968f,0.0f,-0.0248201973736f,0.995917737484f,0.086791485548f,0.0f,0.998677670956f,0.028613679111f,-0.0427566841245f,0.0f,0.939165949821f,5.97981786728f,-0.0119869047776f,1.0f,-0.0670579224825f,0.0687670707703f,-0.995378315449f,0.0f,-0.128689929843f,0.988693535328f,0.0769744515419f,0.0f,0.989416837692f,0.133255392313f,-0.0574499331415f,0.0f,0.200923517346f,6.1148519516f,-0.0117852827534f,1.0f,-0.0829680860043f,0.0329675339162f,-0.996008634567f,0.0f,-0.125261470675f,0.991181373596f,0.0432414896786f,0.0f,0.98865032196f,0.12834776938f,-0.0781066715717f,0.0f,0.210664764047f,6.2559838295f,-0.183465361595f,1.0f,-0.100636571646f,0.00110987597145f,-0.994924664497f,0.0f,-0.124877244234f,0.992077589035f,0.0137374605983f,0.0f,0.98705714941f,0.125624477863f,-0.0997005999088f,0.0f,0.22060072422f,6.34880018234f,-0.336453944445f,1.0f,-0.11955768615f,-0.0257491953671f,-0.992495179176f,0.0f,-0.128926306963f,0.991602361202f,-0.010196108371f,0.0f,0.984422564507f,0.126737996936f,-0.12187320739f,0.0f,0.216036081314f,6.36888933182f,-0.465512543917f,1.0f,-0.138726398349f,-0.0470305606723f,-0.989215373993f,0.0f,-0.139504730701f,0.989840149879f,-0.0274970512837f,0.0f,0.980457603931f,0.134183973074f,-0.143877699971f,0.0f,0.136220484972f,6.1692404747f,-0.56636506319f,1.0f,-0.156833618879f,-0.0629312321544f,-0.98562002182f,0.0f,-0.158894464374f,0.98657566309f,-0.0377094633877f,0.0f,0.97476130724f,0.150693759322f,-0.164727419615f,0.0f,-0.00928474776447f,5.7497420311f,-0.63692343235f,1.0f,-0.172633856535f,-0.0744133889675f,-0.982173085213f,0.0f,-0.188634604216f,0.981184065342f,-0.0411835759878f,0.0f,0.966756641865f,0.178160250187f,-0.183422133327f,0.0f,-0.0581006519496f,5.57925701141f,-0.679254949093f,1.0f,-0.185248091817f,-0.0828436240554f,-0.979195535183f,0.0f,-0.228731617332f,0.972707808018f,-0.0390232801437f,0.0f,0.955703318119f,0.216741815209f,-0.199140831828f,0.0f,-0.0904158353806f,5.62660169601f,-0.697532355785f,1.0f,-0.194235309958f,-0.0895325914025f,-0.976862609386f,0.0f,-0.277510255575f,0.960162699223f,-0.0328237861395f,0.0f,0.940884947777f,0.264711618423f,-0.211343333125f,0.0f,-0.156012400985f,5.75667619705f,-0.697482049465f,1.0f,-0.182420551777f,-0.297751426697f,-0.937054395676f,0.0f,-0.592579603195f,0.793799340725f,-0.13687261939f,0.0f,0.784587264061f,0.530308067799f,-0.321245759726f,0.0f,-2.09048676491f,5.4140291214f,-1.56346607208f,1.0f,-0.170976608992f,-0.26945951581f,-0.947714388371f,0.0f,-0.641172707081f,0.760770499706f,-0.100633956492f,0.0f,0.748110353947f,0.590439736843f,-0.302843332291f,0.0f,-2.38686490059f,5.35326528549f,-1.36239254475f,1.0f,-0.146231383085f,-0.22254934907f,-0.963894307613f,0.0f,-0.713652133942f,0.698493182659f,-0.0530055835843f,0.0f,0.685070455074f,0.680131137371f,-0.260963946581f,0.0f,-2.83514142036f,5.23928356171f,-1.07963275909f,1.0f,-0.114462167025f,-0.162971183658f,-0.979970514774f,0.0f,-0.794450223446f,0.607275724411f,-0.00819906778634f,0.0f,0.596449434757f,0.777595937252f,-0.19898223877f,0.0f,-3.35869503021f,5.04782009125f,-0.777800440788f,1.0f,-0.0852958410978f,-0.10243820399f,-0.99107760191f,0.0f,-0.860929369926f,0.508269846439f,0.0215592235327f,0.0f,0.501527190208f,0.855083107948f,-0.13154527545f,0.0f,-3.83810067177f,4.81191778183f,-0.526037216187f,1.0f};
chain1();
}
private void chain1()
{
Bone bone;
bone = new Bone("upper_leg_left");
bones.put("upper_leg_left", bone);
bone.restPose = new float[]{-0.999999940395f,-5.19091436502e-08f,2.81293814908e-08f,0.0f,8.39174774114e-08f,-0.998673200607f,0.0514965876937f,0.0f,8.19410743702e-08f,0.0514966286719f,0.998673200607f,0.0f,0.817315876484f,-0.408309072256f,-0.0464251376688f,1.0f};
bone.restPoseInverse = new float[]{-1.00000011921f,5.32888400073e-08f,2.54189149729e-08f,-0.0f,-7.95864494307e-08f,-0.998673141003f,0.0514965839684f,0.0f,8.61538254071e-08f,0.0514966249466f,0.998673141003f,-0.0f,0.817315936089f,-0.40537661314f,0.0673900395632f,1.0f};
bone.frames = new float[]{-0.927419602871f,-0.351449519396f,0.127980083227f,0.0f,0.299151986837f,-0.491604715586f,0.817823410034f,0.0f,-0.224507689476f,0.796749413013f,0.561060011387f,0.0f,-0.347004473209f,-0.475678741932f,0.0198643915355f,1.0f,-0.927419602871f,-0.351449519396f,0.127980083227f,0.0f,0.299151986837f,-0.491604715586f,0.817823410034f,0.0f,-0.224507689476f,0.796749413013f,0.561060011387f,0.0f,-0.347004473209f,-0.475678741932f,0.0198643915355f,1.0f,-0.928021192551f,-0.348664820194f,0.131195768714f,0.0f,0.308320760727f,-0.521196126938f,0.795798480511f,0.0f,-0.209087893367f,0.778966665268f,0.591180920601f,0.0f,-0.291829824448f,-0.494505912066f,0.0147307347506f,1.0f,-0.929674983025f,-0.342100888491f,0.136653184891f,0.0f,0.32912427187f,-0.604698181152f,0.725271999836f,0.0f,-0.165482074022f,0.719241738319f,0.674765646458f,0.0f,-0.132214412093f,-0.550147354603f,-0.00292850821279f,1.0f,-0.932570815086f,-0.335224211216f,0.133936151862f,0.0f,0.344192355871f,-0.713844418526f,0.609885275364f,0.0f,-0.108838669956f,0.614859938622f,0.781091034412f,0.0f,0.0954010412097f,-0.630603432655f,-0.0346014127135f,1.0f,-0.936789274216f,-0.328863799572f,0.119486235082f,0.0f,0.344195604324f,-0.804726839066f,0.483680069447f,0.0f,-0.0629110708833f,0.494231969118f,0.867051959038f,0.0f,0.330096125603f,-0.711021900177f,-0.0707971975207f,1.0f,-0.94035422802f,-0.323701351881f,0.10466042906f,0.0f,0.338033795357f,-0.854382097721f,0.394673258066f,0.0f,-0.0383363589644f,0.406510531902f,0.91284263134f,0.0f,0.521681070328f,-0.771646618843f,-0.0934045836329f,1.0f,-0.940885186195f,-0.323018699884f,0.101962171495f,0.0f,0.33729404211f,-0.865763068199f,0.369715869427f,0.0f,-0.0311501324177f,0.382250607014f,0.923534750938f,0.0f,0.647673666477f,-0.808995842934f,-0.0907792896032f,1.0f,-0.931707084179f,-0.347573518753f,0.105435438454f,0.0f,0.356111675501f,-0.817030370235f,0.453485429287f,0.0f,-0.0714755803347f,0.460061401129f,0.885006785393f,0.0f,0.689537644386f,-0.907640755177f,-0.0654496699572f,1.0f,-0.916719913483f,-0.386804610491f,0.100043788552f,0.0f,0.369556546211f,-0.725762486458f,0.580259144306f,0.0f,-0.151838764548f,0.568905711174f,0.808266103268f,0.0f,0.669495880604f,-1.03859829903f,-0.0402861572802f,1.0f,-0.913575291634f,-0.395131409168f,0.0961937308311f,0.0f,0.367327302694f,-0.700268685818f,0.61212605238f,0.0f,-0.174508631229f,0.594556570053f,0.784889936447f,0.0f,0.705563187599f,-1.07874274254f,-0.0292305890471f,1.0f,-0.945447385311f,-0.314513772726f,0.0849247351289f,0.0f,0.308396816254f,-0.78004860878f,0.544444203377f,0.0f,-0.10498970747f,0.540932953358f,0.834489047527f,0.0f,0.85704344511f,-0.862981855869f,-0.0452425926924f,1.0f,-0.969322919846f,-0.23310957849f,0.0779433995485f,0.0f,0.241718843579f,-0.846532702446f,0.474297642708f,0.0f,-0.044581759721f,0.478587090969f,0.8769094944f,0.0f,1.01448833942f,-0.655423402786f,-0.0620431080461f,1.0f,-0.967632591724f,-0.238911435008f,0.0813063308597f,0.0f,0.24665902555f,-0.827175974846f,0.504919111729f,0.0f,-0.0533763505518f,0.508630156517f,0.859330952168f,0.0f,1.12791907787f,-0.717202842236f,-0.0451695919037f,1.0f,-0.959899425507f,-0.267755925655f,0.083080239594f,0.0f,0.261971116066f,-0.751149237156f,0.605928897858f,0.0f,-0.0998354107141f,0.603394210339f,0.7911708951f,0.0f,1.246545434f,-0.871980071068f,-0.0263105593622f,1.0f,-0.954859614372f,-0.285877257586f,0.0807452946901f,0.0f,0.26568210125f,-0.700247824192f,0.662623465061f,0.0f,-0.13288718462f,0.654163777828f,0.744589924812f,0.0f,1.2954813242f,-0.959046363831f,-0.0206933170557f,1.0f,-0.956526994705f,-0.279933094978f,0.0818286314607f,0.0f,0.264990985394f,-0.717000365257f,0.644743442535f,0.0f,-0.121813811362f,0.638397216797f,0.76000893116f,0.0f,1.28232240677f,-0.93166077137f,-0.0219085626304f,1.0f,-0.961885929108f,-0.26036760211f,0.0835843533278f,0.0f,0.25926142931f,-0.771114826202f,0.581523239613f,0.0f,-0.0869566947222f,0.581028282642f,0.809226810932f,0.0f,1.22699034214f,-0.836385011673f,-0.0290839765221f,1.0f,-0.967447280884f,-0.239504218102f,0.0817675590515f,0.0f,0.247243031859f,-0.825471282005f,0.507417023182f,0.0f,-0.0540317893028f,0.511114656925f,0.8578145504f,0.0f,1.13740622997f,-0.722865819931f,-0.043681640178f,1.0f,-0.969941198826f,-0.230339109898f,0.0784859061241f,0.0f,0.239654839039f,-0.848237752914f,0.472294688225f,0.0f,-0.0422132797539f,0.476906716824f,0.877941548824f,0.0f,1.04675102234f,-0.656535565853f,-0.0585657097399f,1.0f,-0.958911597729f,-0.272044181824f,0.0805141553283f,0.0f,0.274294912815f,-0.81647670269f,0.508066952229f,0.0f,-0.0724787339568f,0.509275078773f,0.857548356056f,0.0f,0.932453930378f,-0.752130568027f,-0.054920271039f,1.0f,-0.924645423889f,-0.3694858253f,0.0922648981214f,0.0f,0.349536806345f,-0.727200210094f,0.590768635273f,0.0f,-0.151185542345f,0.578500449657f,0.80155056715f,0.0f,0.765173137188f,-1.01209163666f,-0.0324368588626f,1.0f,-0.912500977516f,-0.397431313992f,0.0969128906727f,0.0f,0.369599193335f,-0.699432730675f,0.611714065075f,0.0f,-0.175330132246f,0.594007492065f,0.785122513771f,0.0f,0.675372421741f,-1.07690370083f,-0.0329258702695f,1.0f,-0.92237752676f,-0.372227191925f,0.103289194405f,0.0f,0.366991490126f,-0.760921239853f,0.535088598728f,0.0f,-0.120579496026f,0.531458795071f,0.838459849358f,0.0f,0.678083181381f,-0.99084353447f,-0.0486826300621f,1.0f,-0.936175346375f,-0.335579186678f,0.104710876942f,0.0f,0.347941935062f,-0.842052936554f,0.412172496319f,0.0f,-0.050144508481f,0.422298103571f,0.905070304871f,0.0f,0.68587231636f,-0.863839924335f,-0.0756502971053f,1.0f,-0.941177070141f,-0.322396457195f,0.101234763861f,0.0f,0.336460202932f,-0.866284132004f,0.369254797697f,0.0f,-0.0313484556973f,0.381594836712f,0.923799157143f,0.0f,0.62035804987f,-0.800029277802f,-0.0941650643945f,1.0f,-0.939806044102f,-0.324526518583f,0.107003100216f,0.0f,0.339146494865f,-0.847536921501f,0.408244341612f,0.0f,-0.0417971350253f,0.419959247112f,0.906581223011f,0.0f,0.487191051245f,-0.761180400848f,-0.0906110927463f,1.0f,-0.936175465584f,-0.329731315374f,0.121882349253f,0.0f,0.344887793064f,-0.794383049011f,0.500010371208f,0.0f,-0.0680477768183f,0.510132193565f,0.857401192188f,0.0f,0.299031674862f,-0.700679659843f,-0.0661695450544f,1.0f,-0.932304441929f,-0.335706621408f,0.134581714869f,0.0f,0.343617737293f,-0.70602786541f,0.619236469269f,0.0f,-0.112863250077f,0.623560369015f,0.773586571217f,0.0f,0.0776026770473f,-0.624347090721f,-0.0319791473448f,1.0f,-0.929659664631f,-0.342151075602f,0.136632621288f,0.0f,0.328999996185f,-0.604068875313f,0.725852608681f,0.0f,-0.165815517306f,0.719746589661f,0.674145281315f,0.0f,-0.133723959327f,-0.549629867077f,-0.00281487940811f,1.0f};
chain2();
}
private void chain2()
{
Bone bone;
bone = new Bone("head");
bones.put("head", bone);
bone.restPose = new float[]{-0.9965518713f,-0.0586205162108f,-0.0587214753032f,0.0f,-0.0587220788002f,0.99827426672f,3.88042417399e-06f,0.0f,0.0586199276149f,0.00345213059336f,-0.998274505138f,0.0f,0.160749718547f,5.10206222534f,0.34431502223f,1.0f};
bone.restPoseInverse = new float[]{-0.996551632881f,-0.0587220750749f,0.0586199015379f,-0.0f,-0.0586205199361f,0.998274445534f,0.00345211359672f,0.0f,-0.0587214753032f,3.89678552892e-06f,-0.99827426672f,0.0f,0.479499608278f,-5.08382034302f,0.316684812307f,1.0f};
bone.frames = new float[]{-0.957812011242f,0.0662835985422f,-0.279654353857f,0.0f,0.033611100167f,0.992197155952f,0.120054922998f,0.0f,0.285430431366f,0.10559066385f,-0.952566504478f,0.0f,-1.33273673058f,4.85532045364f,0.421087771654f,1.0f,-0.957812011242f,0.0662835985422f,-0.279654353857f,0.0f,0.033611100167f,0.992197155952f,0.120054922998f,0.0f,0.285430431366f,0.10559066385f,-0.952566504478f,0.0f,-1.33273673058f,4.85532045364f,0.421087771654f,1.0f,-0.956141293049f,0.096962466836f,-0.276398122311f,0.0f,0.0602075383067f,0.988528370857f,0.138509944081f,0.0f,0.286658108234f,0.115793883801f,-0.951010882854f,0.0f,-1.15471446514f,4.85027170181f,0.477044135332f,1.0f,-0.946024358273f,0.187223523855f,-0.264554083347f,0.0f,0.138285249472f,0.971410810947f,0.192968100309f,0.0f,0.293119251728f,0.145968511701f,-0.944868862629f,0.0f,-0.637221336365f,4.81610441208f,0.641512513161f,1.0f,-0.915961623192f,0.321659654379f,-0.239901170135f,0.0f,0.253193169832f,0.927103459835f,0.276353150606f,0.0f,0.311305224895f,0.192387416959f,-0.930633842945f,0.0f,0.108752951026f,4.7093000412f,0.890285313129f,1.0f,-0.860770523548f,0.467794388533f,-0.200614005327f,0.0f,0.374182552099f,0.848752081394f,0.373639196157f,0.0f,0.345058083534f,0.24655097723f,-0.905621528625f,0.0f,0.866099238396f,4.50932502747f,1.17454099655f,1.0f,-0.791664540768f,0.592040538788f,-0.15085914731f,0.0f,0.470884203911f,0.748593688011f,0.466770321131f,0.0f,0.389279276133f,0.298487812281f,-0.871418118477f,0.0f,1.42590379715f,4.25592708588f,1.4398663044f,1.0f,-0.729226768017f,0.676951289177f,-0.0998427122831f,0.0f,0.530727028847f,0.651638448238f,0.541936695576f,0.0f,0.431926101446f,0.342204809189f,-0.834468901157f,0.0f,1.69430792332f,4.01959753036f,1.64771735668f,1.0f,-0.678593337536f,0.732510387897f,-0.054247725755f,0.0f,0.567593157291f,0.569822072983f,0.594256043434f,0.0f,0.466210275888f,0.37246671319f,-0.802445709705f,0.0f,1.81347382069f,3.70307970047f,1.79320299625f,1.0f,-0.641638755798f,0.766740500927f,-0.0202921908349f,0.0f,0.591287195683f,0.511315762997f,0.623646497726f,0.0f,0.488550633192f,0.388156443834f,-0.781444251537f,0.0f,1.87906086445f,3.34077167511f,1.8780888319f,1.0f,-0.756308436394f,0.653661072254f,0.0269781239331f,0.0f,0.434443771839f,0.470977395773f,0.767748951912f,0.0f,0.489141732454f,0.592374622822f,-0.640183627605f,0.0f,0.885555803776f,3.05025434494f,2.70713710785f,1.0f,-0.706061422825f,0.708063542843f,0.0112360231578f,0.0f,0.518773257732f,0.50637370348f,0.688810229301f,0.0f,0.4820317626f,0.492170482874f,-0.724855840206f,0.0f,1.50398600101f,3.56325125694f,2.27728366852f,1.0f,-0.667005956173f,0.743659853935f,-0.0455629564822f,0.0f,0.593386352062f,0.567210793495f,0.571107625961f,0.0f,0.450553715229f,0.353894948959f,-0.819610893726f,0.0f,2.0973110199f,4.01605510712f,1.69452607632f,1.0f,-0.665732324123f,0.737975776196f,-0.110431991518f,0.0f,0.618514120579f,0.628531098366f,0.471580445766f,0.0f,0.417425006628f,0.245641976595f,-0.874882400036f,0.0f,2.35800147057f,4.12892246246f,1.29229843616f,1.0f,-0.666446745396f,0.727823138237f,-0.161634132266f,0.0f,0.641459405422f,0.670248568058f,0.373223721981f,0.0f,0.379975944757f,0.145051568747f,-0.913554310799f,0.0f,2.54591798782f,4.04151153564f,0.947598278522f,1.0f,-0.652586221695f,0.733038902283f,-0.191803663969f,0.0f,0.673974871635f,0.677230894566f,0.295153588057f,0.0f,0.346254497766f,0.0633420497179f,-0.936001598835f,0.0f,2.72511768341f,3.82641077042f,0.715290427208f,1.0f,-0.719106137753f,0.667740285397f,-0.192385733128f,0.0f,0.622578144073f,0.742059051991f,0.248483091593f,0.0f,0.308683931828f,0.0589105077088f,-0.949340164661f,0.0f,2.23317742348f,4.1620631218f,0.677002310753f,1.0f,-0.70419883728f,0.678570449352f,-0.208923399448f,0.0f,0.654800236225f,0.734449446201f,0.178380608559f,0.0f,0.274487763643f,-0.0111875683069f,-0.961527049541f,0.0f,2.26866006851f,4.30230474472f,0.506061732769f,1.0f,-0.684570789337f,0.693700969219f,-0.223929151893f,0.0f,0.689703643322f,0.715830087662f,0.10906495899f,0.0f,0.235953971744f,-0.0797818005085f,-0.968485176563f,0.0f,2.30892276764f,4.38247680664f,0.342725038528f,1.0f,-0.661025881767f,0.711952269077f,-0.237005650997f,0.0f,0.72478300333f,0.687572240829f,0.0439656898379f,0.0f,0.194260269403f,-0.142714828253f,-0.970514476299f,0.0f,2.3403031826f,4.38008022308f,0.193471223116f,1.0f,-0.635250210762f,0.731462717056f,-0.24783501029f,0.0f,0.757245182991f,0.652985572815f,-0.0137342764065f,0.0f,0.151786878705f,-0.196395993233f,-0.968706548214f,0.0f,2.30488562584f,4.15346765518f,0.0645064264536f,1.0f,-0.609724521637f,0.750047087669f,-0.25625795126f,0.0f,0.784687817097f,0.616816461086f,-0.0616580359638f,0.0f,0.111818037927f,-0.238676264882f,-0.96464151144f,0.0f,2.21634316444f,3.71071076393f,-0.0394822098315f,1.0f,-0.587180912495f,0.76577681303f,-0.262311607599f,0.0f,0.805714845657f,0.58404904604f,-0.0985372513533f,0.0f,0.0777456536889f,-0.269206792116f,-0.95994079113f,0.0f,2.24066734314f,3.52969789505f,-0.117397919297f,1.0f,-0.569892048836f,0.777404844761f,-0.266209483147f,0.0f,0.820060133934f,0.558651745319f,-0.124132715166f,0.0f,0.0522173531353f,-0.289049237967f,-0.955890655518f,0.0f,2.29871892929f,3.58679556847f,-0.169920384884f,1.0f,-0.559238612652f,0.784398853779f,-0.268278449774f,0.0f,0.828194737434f,0.542954862118f,-0.138898894191f,0.0f,0.036711320281f,-0.299863606691f,-0.953276991844f,0.0f,2.33825469017f,3.75149250031f,-0.199278771877f,1.0f,-0.765838563442f,0.544564843178f,-0.341970026493f,0.0f,0.635284602642f,0.723065853119f,-0.271272540092f,0.0f,0.0995414853096f,-0.424998223782f,-0.899706065655f,0.0f,0.980217278004f,4.39075422287f,-0.982529997826f,1.0f,-0.777335882187f,0.538002371788f,-0.326044976711f,0.0f,0.617691457272f,0.750947773457f,-0.233525410295f,0.0f,0.119205661118f,-0.382921904325f,-0.916058778763f,0.0f,0.748566091061f,4.4435505867f,-0.809390664101f,1.0f,-0.830100953579f,0.473220169544f,-0.294954627752f,0.0f,0.532177627087f,0.830268800259f,-0.16564925015f,0.0f,0.166503295302f,-0.294472903013f,-0.941044867039f,0.0f,0.341654449701f,4.58866786957f,-0.542907714844f,1.0f,-0.896385014057f,0.35250544548f,-0.268770366907f,0.0f,0.383777737617f,0.920568466187f,-0.0725721120834f,0.0f,0.221839785576f,-0.168199956417f,-0.960467994213f,0.0f,-0.195401862264f,4.74865531921f,-0.21732865274f,1.0f,-0.940960288048f,0.213102549314f,-0.263030081987f,0.0f,0.214718908072f,0.97640556097f,0.0229398496449f,0.0f,0.261712938547f,-0.034891679883f,-0.964516460896f,0.0f,-0.745365738869f,4.84104633331f,0.0982067361474f,1.0f};
chain3();
}
private void chain3()
{
Bone bone;
bone = new Bone("hand_left");
bones.put("hand_left", bone);
bone.restPose = new float[]{-0.980000317097f,0.140000298619f,-0.141420006752f,0.0f,-0.141421750188f,-0.989949285984f,1.24558050629e-06f,0.0f,-0.139998495579f,0.0200010444969f,0.989949703217f,0.0f,1.37148070335f,-0.636628389359f,-0.0314364023507f,1.0f};
bone.restPoseInverse = new float[]{-0.980000019073f,-0.141421794891f,-0.139998465776f,-0.0f,0.140000239015f,-0.989949584007f,0.0200010854751f,0.0f,-0.141419991851f,1.19876199278e-06f,0.989949703217f,-0.0f,1.42873358727f,-0.436272680759f,0.235858902335f,1.0f};
bone.frames = new float[]{-0.34833702445f,0.618307590485f,-0.704528927803f,0.0f,-0.728490173817f,-0.651550829411f,-0.211631417274f,0.0f,-0.5898899436f,0.439519792795f,0.677388846874f,0.0f,-0.429598867893f,0.7100892663f,1.01753616333f,1.0f,-0.34833702445f,0.618307590485f,-0.704528927803f,0.0f,-0.728490173817f,-0.651550829411f,-0.211631417274f,0.0f,-0.5898899436f,0.439519792795f,0.677388846874f,0.0f,-0.429598867893f,0.7100892663f,1.01753616333f,1.0f,-0.347940802574f,0.62793725729f,-0.6961581707f,0.0f,-0.73121970892f,-0.646484494209f,-0.217669248581f,0.0f,-0.586738348007f,0.433305114508f,0.684096753597f,0.0f,-0.329805344343f,0.64480060339f,1.01439225674f,1.0f,-0.34699010849f,0.655077815056f,-0.671174705029f,0.0f,-0.736885666847f,-0.63312292099f,-0.236978754401f,0.0f,-0.580175757408f,0.412346541882f,0.702403128147f,0.0f,-0.0492920763791f,0.444171577692f,0.997142791748f,1.0f,-0.350375592709f,0.690496683121f,-0.632815778255f,0.0f,-0.734522223473f,-0.621786355972f,-0.271776020527f,0.0f,-0.58113694191f,0.369590938091f,0.725042581558f,0.0f,0.333446711302f,0.111218810081f,0.944840371609f,1.0f,-0.371530711651f,0.716247141361f,-0.590727925301f,0.0f,-0.704234421253f,-0.632031023502f,-0.323409467936f,0.0f,-0.604999899864f,0.295852392912f,0.739223301411f,0.0f,0.707123935223f,-0.3234385252f,0.835786819458f,1.0f,-0.425254583359f,0.710427105427f,-0.560764312744f,0.0f,-0.622483313084f,-0.679344236851f,-0.388597518206f,0.0f,-0.657022416592f,0.183812513947f,0.731122016907f,0.0f,1.01525449753f,-0.802877724171f,0.668760478497f,1.0f,-0.511284291744f,0.652656078339f,-0.559136271477f,0.0f,-0.469479709864f,-0.757054507732f,-0.454377800226f,0.0f,-0.71984899044f,0.0301867146045f,0.693477571011f,0.0f,1.29184019566f,-1.25829589367f,0.477417737246f,1.0f,-0.598016917706f,0.542958438396f,-0.589556634426f,0.0f,-0.2557746768f,-0.826402068138f,-0.501638054848f,0.0f,-0.759579002857f,-0.149193778634f,0.633076548576f,0.0f,1.64073705673f,-1.75307416916f,0.315842151642f,1.0f,-0.655779600143f,0.396272271872f,-0.642593443394f,0.0f,-0.0132301803678f,-0.857070446014f,-0.51503187418f,0.0f,-0.754839718342f,-0.329244405031f,0.567291498184f,0.0f,2.07823324203f,-2.21353507042f,0.232581377029f,1.0f,-0.631153821945f,0.225056454539f,-0.742293000221f,0.0f,0.42615878582f,-0.698995709419f,-0.574279725552f,0.0f,-0.64810436964f,-0.67879140377f,0.345264106989f,0.0f,2.73964333534f,-1.97386574745f,0.374923616648f,1.0f,-0.624117553234f,0.0518969930708f,-0.779607653618f,0.0f,0.530526041985f,-0.704371392727f,-0.471601158381f,0.0f,-0.573606848717f,-0.707934260368f,0.412077903748f,0.0f,3.30403804779f,-1.65879309177f,0.457684636116f,1.0f,-0.626935660839f,-0.135774433613f,-0.767150819302f,0.0f,0.601286590099f,-0.710468053818f,-0.365642666817f,0.0f,-0.495390117168f,-0.690509319305f,0.527056992054f,0.0f,3.84938311577f,-1.35736739635f,0.607882738113f,1.0f,-0.607250511646f,-0.297617018223f,-0.736664235592f,0.0f,0.677677690983f,-0.67801374197f,-0.284702569246f,0.0f,-0.414735078812f,-0.672104001045f,0.613412499428f,0.0f,4.2936167717f,-1.20361590385f,0.828767120838f,1.0f,-0.598156571388f,-0.408582895994f,-0.689399719238f,0.0f,0.7181199193f,-0.655113279819f,-0.234811112285f,0.0f,-0.355693846941f,-0.635522723198f,0.685271382332f,0.0f,4.59435224533f,-1.21780312061f,0.969419300556f,1.0f,-0.609110057354f,-0.451694369316f,-0.651889741421f,0.0f,0.717783749104f,-0.663563132286f,-0.210894688964f,0.0f,-0.337308883667f,-0.596371352673f,0.728401064873f,0.0f,4.71749305725f,-1.42049348354f,1.03243160248f,1.0f,-0.576907157898f,-0.509336829185f,-0.638558328152f,0.0f,0.76886343956f,-0.602533996105f,-0.214026972651f,0.0f,-0.275740414858f,-0.614435315132f,0.739216089249f,0.0f,4.70488166809f,-0.874297618866f,1.05435562134f,1.0f,-0.618215978146f,-0.493509083986f,-0.611768424511f,0.0f,0.724805772305f,-0.659047782421f,-0.200793296099f,0.0f,-0.304090380669f,-0.567544519901f,0.765131592751f,0.0f,4.56475782394f,-0.823291182518f,1.07174146175f,1.0f,-0.674493432045f,-0.445625662804f,-0.588625073433f,0.0f,0.647943556309f,-0.739471554756f,-0.182636395097f,0.0f,-0.35388314724f,-0.504580676556f,0.787508487701f,0.0f,4.33030939102f,-0.875693142414f,1.09388720989f,1.0f,-0.736673653126f,-0.360359460115f,-0.572238206863f,0.0f,0.529744267464f,-0.833485901356f,-0.157088860869f,0.0f,-0.420343011618f,-0.418861210346f,0.80490475893f,0.0f,3.97916388512f,-1.029276371f,1.12749278545f,1.0f,-0.790046870708f,-0.235189184546f,-0.566141366959f,0.0f,0.363430529833f,-0.923393011093f,-0.123561285436f,0.0f,-0.493709623814f,-0.303370684385f,0.814997971058f,0.0f,3.4540412426f,-1.38621175289f,1.17535197735f,1.0f,-0.815852701664f,-0.0749119520187f,-0.573390901089f,0.0f,0.149833485484f,-0.985096275806f,-0.0844879597425f,0.0f,-0.558515131474f,-0.154841959476f,0.81491702795f,0.0f,2.78926062584f,-1.888448596f,1.23379993439f,1.0f,-0.796915709972f,0.104838572443f,-0.594928085804f,0.0f,-0.0966501161456f,-0.994267940521f,-0.0457434765995f,0.0f,-0.596312701702f,0.0210464242846f,0.802479505539f,0.0f,2.1993727684f,-2.01232028008f,1.29079854488f,1.0f,-0.726373553276f,0.279206454754f,-0.628037273884f,0.0f,-0.347352385521f,-0.937614202499f,-0.015094069764f,0.0f,-0.593070745468f,0.207185819745f,0.778040111065f,0.0f,1.67736780643f,-1.76298940182f,1.33144617081f,1.0f,-0.613709747791f,0.423227161169f,-0.666516900063f,0.0f,-0.568734765053f,-0.822520852089f,0.00138746842276f,0.0f,-0.54763686657f,0.379921555519f,0.74549227953f,0.0f,1.24348318577f,-1.29634702206f,1.34515452385f,1.0f,-0.62664860487f,0.249407306314f,-0.73831808567f,0.0f,-0.509012043476f,-0.84838539362f,0.145434856415f,0.0f,-0.590105712414f,0.466946929693f,0.658590078354f,0.0f,1.02024102211f,-0.218896254897f,1.29666316509f,1.0f,-0.513585984707f,0.363237708807f,-0.77736312151f,0.0f,-0.658975601196f,-0.747208118439f,0.0862211734056f,0.0f,-0.549533486366f,0.556542217731f,0.623119592667f,0.0f,0.526368677616f,0.00249398127198f,1.23075067997f,1.0f,-0.425737977028f,0.449426680803f,-0.785345613956f,0.0f,-0.733436763287f,-0.679705798626f,0.00862352736294f,0.0f,-0.529928743839f,0.579669177532f,0.619001746178f,0.0f,0.179858267307f,0.227795675397f,1.14500617981f,1.0f,-0.375477850437f,0.51791113615f,-0.768628060818f,0.0f,-0.754117786884f,-0.652838170528f,-0.0715031400323f,0.0f,-0.538822412491f,0.552784502506f,0.635691225529f,0.0f,-0.0585862658918f,0.427140593529f,1.07313072681f,1.0f,-0.35552534461f,0.570331811905f,-0.740491449833f,0.0f,-0.746845662594f,-0.649700045586f,-0.141829743981f,0.0f,-0.561987638474f,0.502605080605f,0.656933367252f,0.0f,-0.235659226775f,0.580807924271f,1.03207957745f,1.0f};
chain4();
}
private void chain4()
{
Bone bone;
bone = new Bone("neck");
bones.put("neck", bone);
bone.restPose = new float[]{-0.998980462551f,0.0306027196348f,0.0331919081509f,0.0f,0.0386331267655f,0.95987790823f,0.277744084597f,0.0f,-0.0233604572713f,0.278743177652f,-0.960081577301f,0.0f,0.108486823738f,3.80353999138f,-0.0314169041812f,1.0f};
bone.restPoseInverse = new float[]{-0.998980224133f,0.0386331230402f,-0.023360453546f,-0.0f,0.0306027214974f,0.959877967834f,0.278743177652f,-0.0f,0.0331919044256f,0.277744054794f,-0.960081458092f,-0.0f,-0.00697969226167f,-3.6463997364f,-1.08783936501f,1.0f};
bone.frames = new float[]{-0.977082490921f,0.0593945011497f,-0.204415887594f,0.0f,0.034193828702f,0.991606891155f,0.124679237604f,0.0f,0.21010582149f,0.114832185209f,-0.970912873745f,0.0f,-1.37899422646f,3.51387524605f,0.252421915531f,1.0f,-0.977082490921f,0.0593945011497f,-0.204415887594f,0.0f,0.034193828702f,0.991606891155f,0.124679237604f,0.0f,0.21010582149f,0.114832185209f,-0.970912873745f,0.0f,-1.37899422646f,3.51387524605f,0.252421915531f,1.0f,-0.975507616997f,0.0885950028896f,-0.201344400644f,0.0f,0.0603535212576f,0.987978279591f,0.142319783568f,0.0f,0.211533024907f,0.126682206988f,-0.969127476215f,0.0f,-1.23636078835f,3.51373505592f,0.284514158964f,1.0f,-0.966100752354f,0.17445538938f,-0.190310463309f,0.0f,0.137108251452f,0.971300125122f,0.194360911846f,0.0f,0.218756183982f,0.161678999662f,-0.962293386459f,0.0f,-0.822701394558f,3.50212979317f,0.378581315279f,1.0f,-0.938398063183f,0.302124172449f,-0.167729154229f,0.0f,0.250011593103f,0.92865896225f,0.274017900229f,0.0f,0.238550916314f,0.21520344913f,-0.946986913681f,0.0f,-0.2294626683f,3.4530107975f,0.519594192505f,1.0f,-0.887942790985f,0.44050770998f,-0.13233987987f,0.0f,0.368942767382f,0.853935539722f,0.366980582476f,0.0f,0.274667650461f,0.277031511068f,-0.920768260956f,0.0f,0.366993576288f,3.35412144661f,0.678089976311f,1.0f,-0.825370490551f,0.557661175728f,-0.0882069915533f,0.0f,0.464222490788f,0.759225010872f,0.456151813269f,0.0f,0.321347177029f,0.335546076298f,-0.885521292686f,0.0f,0.797903716564f,3.2288479805f,0.822784483433f,1.0f,-0.76961427927f,0.637021005154f,-0.0436034090817f,0.0f,0.523362874985f,0.668467521667f,0.528433799744f,0.0f,0.365770876408f,0.383869081736f,-0.847855627537f,0.0f,0.986302852631f,3.11529493332f,0.932852447033f,1.0f,-0.724801778793f,0.688948154449f,-0.00398686295375f,0.0f,0.559970498085f,0.592461645603f,0.579156517982f,0.0f,0.401370823383f,0.417540341616f,-0.81520819664f,0.0f,1.05594587326f,2.90159773827f,1.00972044468f,1.0f,-0.69223845005f,0.721221327782f,0.0254674144089f,0.0f,0.5834171772f,0.538501560688f,0.607980847359f,0.0f,0.424774378538f,0.435725033283f,-0.793544709682f,0.0f,1.08981430531f,2.61228704453f,1.05561280251f,1.0f,-0.80378305912f,0.592282116413f,0.056015253067f,0.0f,0.421939045191f,0.501155495644f,0.755520343781f,0.0f,0.419408947229f,0.630908548832f,-0.652727603912f,0.0f,0.31475675106f,2.37229132652f,1.68506968021f,1.0f,-0.756493270397f,0.652265012264f,0.0476571954787f,0.0f,0.505815565586f,0.537332415581f,0.67485165596f,0.0f,0.414574325085f,0.534625709057f,-0.736414551735f,0.0f,0.819718897343f,2.83634805679f,1.36434483528f,1.0f,-0.718452513218f,0.695577681065f,0.000757988716941f,0.0f,0.57905203104f,0.597488164902f,0.554713249207f,0.0f,0.385393232107f,0.398973226547f,-0.832042813301f,0.0f,1.31396973133f,3.20777344704f,0.94411033392f,1.0f,-0.716518461704f,0.695207536221f,-0.0573644265532f,0.0f,0.601466536522f,0.657362759113f,0.453995794058f,0.0f,0.35333058238f,0.290792942047f,-0.889157056808f,0.0f,1.54433774948f,3.23964238167f,0.678133308887f,1.0f,-0.716168642044f,0.690318226814f,-0.10279341042f,0.0f,0.621526420116f,0.697814404964f,0.35603377223f,0.0f,0.317507266998f,0.191090896726f,-0.928804159164f,0.0f,1.70511734486f,3.09750843048f,0.465956091881f,1.0f,-0.701929152012f,0.700487911701f,-0.12890098989f,0.0f,0.651834011078f,0.704723060131f,0.280139565468f,0.0f,0.287073880434f,0.112615756691f,-0.95126760006f,0.0f,1.84331691265f,2.87306165695f,0.336317926645f,1.0f,-0.764254450798f,0.632255673409f,-0.127164289355f,0.0f,0.595418810844f,0.767499029636f,0.237532287836f,0.0f,0.24777969718f,0.105818971992f,-0.963021755219f,0.0f,1.42769503593f,3.12379074097f,0.355668872595f,1.0f,-0.748775660992f,0.647801756859f,-0.140323698521f,0.0f,0.626021265984f,0.760730683804f,0.171423763037f,0.0f,0.217797324061f,0.0405123569071f,-0.975154578686f,0.0f,1.42177867889f,3.27318882942f,0.274159908295f,1.0f,-0.72832763195f,0.668114244938f,-0.152199342847f,0.0f,0.6599868536f,0.743704080582f,0.106402076781f,0.0f,0.184280201793f,-0.0229538008571f,-0.982607364655f,0.0f,1.41609275341f,3.37639427185f,0.19878450036f,1.0f,-0.703688263893f,0.691666662693f,-0.162550777197f,0.0f,0.694886565208f,0.717673361301f,0.045578982681f,0.0f,0.148184001446f,-0.0808806195855f,-0.985648572445f,0.0f,1.40026092529f,3.40921211243f,0.131812155247f,1.0f,-0.676589488983f,0.716195106506f,-0.171154335141f,0.0f,0.72786962986f,0.685666978359f,-0.00815592054278f,0.0f,0.111513823271f,-0.130095779896f,-0.985212206841f,0.0f,1.32022380829f,3.22589755058f,0.0755399093032f,1.0f,-0.649639248848f,0.739143073559f,-0.17787322402f,0.0f,0.756327927113f,0.652070462704f,-0.0526517629623f,0.0f,0.0770689174533f,-0.168734550476f,-0.982645511627f,0.0f,1.19318306446f,2.82859015465f,0.0317452251911f,1.0f,-0.625750660896f,0.758324563503f,-0.182709261775f,0.0f,0.778562068939f,0.621538162231f,-0.0867847949266f,0.0f,0.0477499738336f,-0.196555435658f,-0.979330956936f,0.0f,1.18742895126f,2.68888139725f,4.66459778181e-06f,1.0f,-0.607376933098f,0.772379398346f,-0.185811385512f,0.0f,0.793995976448f,0.597816050053f,-0.110392995179f,0.0f,0.0258159860969f,-0.214582920074f,-0.9763661623f,0.0f,1.22460150719f,2.77807044983f,-0.0205806363374f,1.0f,-0.596031665802f,0.78077852726f,-0.187439739704f,0.0f,0.802865087986f,0.583130419254f,-0.123962856829f,0.0f,0.0125145353377f,-0.224373817444f,-0.974424362183f,0.0f,1.25213909149f,2.96263408661f,-0.0315817296505f,1.0f,-0.798275053501f,0.543668448925f,-0.259199440479f,0.0f,0.599815666676f,0.756620228291f,-0.260283142328f,0.0f,0.0546078272164f,-0.363248497248f,-0.930092334747f,0.0f,0.168786913157f,3.36719894409f,-0.63041895628f,1.0f,-0.808920860291f,0.534748375416f,-0.244323551655f,0.0f,0.583471179008f,0.78122395277f,-0.221925199032f,0.0f,0.0721972957253f,-0.32207480073f,-0.943958938122f,0.0f,-0.0407535023987f,3.38671112061f,-0.509170234203f,1.0f,-0.85774230957f,0.466769695282f,-0.215423226357f,0.0f,0.501839876175f,0.851161003113f,-0.153887584805f,0.0f,0.111529901624f,-0.240103036165f,-0.964320898056f,0.0f,-0.337234318256f,3.43721747398f,-0.334728509188f,1.0f,-0.919109225273f,0.344257593155f,-0.191646561027f,0.0f,0.361451148987f,0.930304229259f,-0.062338039279f,0.0f,0.156829431653f,-0.126565769315f,-0.979483783245f,0.0f,-0.684372842312f,3.49014019966f,-0.132997632027f,1.0f,-0.960644841194f,0.205079734325f,-0.18736949563f,0.0f,0.202989175916f,0.978705406189f,0.0304928198457f,0.0f,0.189633235335f,-0.00874090287834f,-0.981817603111f,0.0f,-1.01996946335f,3.51705431938f,0.0569562204182f,1.0f};
chain5();
}
private void chain5()
{
Bone bone;
bone = new Bone("lower_leg_right");
bones.put("lower_leg_right", bone);
bone.restPose = new float[]{-0.996707439423f,0.0603640787303f,-0.0541335269809f,0.0f,-0.0541350208223f,-0.992461264133f,-0.1099543944f,0.0f,-0.0603627078235f,-0.106661900878f,0.992461264133f,0.0f,-0.682283520699f,-2.8551940918f,0.077622666955f,1.0f};
bone.restPoseInverse = new float[]{-0.996707439423f,-0.0541350319982f,-0.0603627301753f,-0.0f,0.0603640638292f,-0.992461264133f,-0.106661856174f,0.0f,-0.0541335120797f,-0.109954461455f,0.992461442947f,0.0f,-0.503483951092f,-2.8620698452f,-0.422762304544f,1.0f};
