
/* evil bone representation made by funky bone exporter */
package se.combitech.strokesformartians;

import java.util.HashMap;

public class Leroy3
{
public class Bone
    {
    	public String name;
	/**
	 * The coordinates in armaturespace that defines the restpose for the bone. A 4x4 matrix.
	 */
        public float [] restPose;

        /**
         * The inverse of the restpose transform
         */
        public float [] restPoseInverse;
	/**
	 * Transformation matrix for the bone on the format frames[framenumber * 16 + matrixindice] where matrixindice is a value from 0 to 15 specifying which element in a column major 4x4 matrix to use.
	 */ 
        public float [] frames;

	public Bone(String name)
	{
		this.name = name;
	}
    }

public HashMap<String, Bone> bones;
        public int numFrames;

        public Leroy3()
        {
numFrames = 30;
bones = new HashMap<String, Bone>();

chain0();
}

private void chain0()
{
Bone bone;
bone = new Bone("lower_arm_right");
bones.put("lower_arm_right", bone);
bone.restPose = new float[]{-0.999697446823f,-0.0152927022427f,0.0192802026868f,0.0f,0.0191347785294f,-0.975706934929f,0.218241870403f,0.0f,0.0154741927981f,0.218544766307f,0.975704312325f,0.0f,-1.17423856258f,1.33657956123f,-0.481621563435f,1.0f};
bone.restPoseInverse = new float[]{-0.999696850777f,0.0154743157327f,-0.0191347394139f,-0.0f,-0.0192800797522f,-0.975704073906f,0.21824195981f,0.0f,-0.0152927655727f,0.218544721603f,0.975707173347f,-0.0f,-1.14415681362f,0.195988282561f,-1.43168914318f,1.0f};
bone.frames = new float[]{-0.0575684309006f,-0.036603577435f,-0.997672379017f,0.0f,-0.914496779442f,0.402810096741f,0.0379901230335f,0.0f,0.400482565165f,0.914551079273f,-0.0566629618406f,0.0f,-4.30710506439f,4.53527259827f,-0.304394870996f,1.0f,-0.0575684309006f,-0.036603577435f,-0.997672379017f,0.0f,-0.914496779442f,0.402810096741f,0.0379901230335f,0.0f,0.400482565165f,0.914551079273f,-0.0566629618406f,0.0f,-4.30710506439f,4.53527259827f,-0.304394870996f,1.0f,-0.060277312994f,-0.0223821401596f,-0.997932434082f,0.0f,-0.904136538506f,0.424862980843f,0.0450824052095f,0.0f,0.422976404428f,0.904980778694f,-0.0458460152149f,0.0f,-4.13987922668f,4.61295700073f,-0.253585010767f,1.0f,-0.0656136870384f,0.020293995738f,-0.997640609741f,0.0f,-0.870386481285f,0.487769633532f,0.0671662986279f,0.0f,0.487982332706f,0.872736155987f,-0.0143408998847f,0.0f,-3.64230060577f,4.82586431503f,-0.100191906095f,1.0f,-0.0658676326275f,0.0870925635099f,-0.994022190571f,0.0f,-0.811003506184f,0.575693547726f,0.104180142283f,0.0f,0.581325471401f,0.813014090061f,0.0327126011252f,0.0f,-2.89179396629f,5.09843015671f,0.142989173532f,1.0f,-0.0542749464512f,0.166156113148f,-0.984606683254f,0.0f,-0.733582913876f,0.662338078022f,0.15220965445f,0.0f,0.677432537079f,0.730548262596f,0.0859405398369f,0.0f,-2.07881689072f,5.33025407791f,0.437652766705f,1.0f,-0.0324119478464f,0.24237062037f,-0.969644248486f,0.0f,-0.656197428703f,0.726616740227f,0.203558385372f,0.0f,0.753895461559f,0.642872333527f,0.13549131155f,0.0f,-1.42359554768f,5.46731710434f,0.730780243874f,1.0f,-0.00934295356274f,0.304600954056f,-0.95243626833f,0.0f,-0.596659958363f,0.762641251087f,0.24975515902f,0.0f,0.802442193031f,0.570611059666f,0.174617215991f,0.0f,-1.06094014645f,5.51776504517f,0.975290954113f,1.0f,0.00951820611954f,0.350910604f,-0.936362683773f,0.0f,-0.551847696304f,0.782738089561f,0.287728846073f,0.0f,0.83389300108f,0.513987779617f,0.201098769903f,0.0f,-0.862547159195f,5.40602970123f,1.16231179237f,1.0f,0.0217609256506f,0.380488991737f,-0.924531579018f,0.0f,-0.519086956978f,0.794634819031f,0.314812660217f,0.0f,0.85444688797f,0.473058581352f,0.214798092842f,0.0f,-0.739242851734f,5.17922306061f,1.28493094444f,1.0f,0.0437337607145f,0.535666167736f,-0.843299090862f,0.0f,-0.674864828587f,0.638242542744f,0.370415091515f,0.0f,0.736647546291f,0.552909970284f,0.389413446188f,0.0f,-1.95069670677f,4.5426363945f,2.07861852646f,1.0f,0.0205957144499f,0.443231284618f,-0.896173119545f,0.0f,-0.608535408974f,0.716756939888f,0.340510129929f,0.0f,0.79326236248f,0.538336694241f,0.284482955933f,0.0f,-1.29768395424f,5.19595909119f,1.6199901104f,1.0f,-0.0213095843792f,0.321326375008f,-0.946731030941f,0.0f,-0.561744630337f,0.779488325119f,0.277207434177f,0.0f,0.827038824558f,0.537724912167f,0.163892030716f,0.0f,-0.736270904541f,5.66660833359f,1.02416682243f,1.0f,-0.0510309487581f,0.239028692245f,-0.969673037529f,0.0f,-0.56899279356f,0.790986180305f,0.224925860763f,0.0f,0.820760726929f,0.563211500645f,0.0956403687596f,0.0f,-0.581011533737f,5.64888715744f,0.699497401714f,1.0f,-0.0796260088682f,0.168106734753f,-0.982550084591f,0.0f,-0.575115978718f,0.797337710857f,0.183025449514f,0.0f,0.814190924168f,0.579649746418f,0.0331919491291f,0.0f,-0.472933292389f,5.46175956726f,0.446346193552f,1.0f,-0.0994830876589f,0.126351296902f,-0.986987113953f,0.0f,-0.560923039913f,0.812161922455f,0.160508275032f,0.0f,0.821872651577f,0.569587767124f,-0.0099231377244f,0.0f,-0.302332043648f,5.25117874146f,0.307248443365f,1.0f,-0.117689728737f,0.05307572335f,-0.991633296013f,0.0f,-0.647127747536f,0.753333508968f,0.117123380303f,0.0f,0.753246426582f,0.655493617058f,-0.0543128475547f,0.0f,-1.01327109337f,5.27202510834f,0.0226366147399f,1.0f,-0.131504625082f,0.0183284580708f,-0.991148531437f,0.0f,-0.630740821362f,0.7697930336f,0.0979207605124f,0.0f,0.764773309231f,0.638031005859f,-0.0896706879139f,0.0f,-0.972916603088f,5.45540046692f,-0.104235522449f,1.0f,-0.146286457777f,-0.0126334875822f,-0.989164113998f,0.0f,-0.607344269753f,0.790430665016f,0.0797237604856f,0.0f,0.780857622623f,0.612421631813f,-0.123301900923f,0.0f,-0.905975520611f,5.61112070084f,-0.223010063171f,1.0f,-0.161669969559f,-0.0387601554394f,-0.986085772514f,0.0f,-0.578374147415f,0.813348531723f,0.0628542900085f,0.0f,0.799594283104f,0.580484628677f,-0.153911471367f,0.0f,-0.827353715897f,5.70826482773f,-0.331065505743f,1.0f,-0.176771044731f,-0.0594300478697f,-0.982458472252f,0.0f,-0.546739757061f,0.835938572884f,0.0478059053421f,0.0f,0.818432927132f,0.545596539974f,-0.180262118578f,0.0f,-0.800500154495f,5.59174346924f,-0.424894094467f,1.0f,-0.19038541615f,-0.0747521221638f,-0.978861689568f,0.0f,-0.516534328461f,0.855547428131f,0.0351286679506f,0.0f,0.834835588932f,0.51230019331f,-0.201495274901f,0.0f,-0.821619272232f,5.25417900085f,-0.500952243805f,1.0f,-0.201382771134f,-0.0855685546994f,-0.975770056248f,0.0f,-0.492009580135f,0.870226144791f,0.0252288132906f,0.0f,0.846980571747f,0.485165208578f,-0.217348515987f,0.0f,-0.736571907997f,5.16017770767f,-0.558057844639f,1.0f,-0.209040120244f,-0.0931133553386f,-0.973466217518f,0.0f,-0.476384222507f,0.879050314426f,0.0182148814201f,0.0f,0.854028403759f,0.467548251152f,-0.228114128113f,0.0f,-0.634773612022f,5.27772378922f,-0.596313893795f,1.0f,-0.21311762929f,-0.0985757857561f,-0.972043335438f,0.0f,-0.471242725849f,0.881895899773f,0.0138842612505f,0.0f,0.855871140957f,0.46102425456f,-0.234400272369f,0.0f,-0.574775576591f,5.47283554077f,-0.617480754852f,1.0f,-0.193817421794f,-0.308214187622f,-0.931366324425f,0.0f,-0.711525022984f,0.69776237011f,-0.0828406214714f,0.0f,0.675405085087f,0.646631240845f,-0.35453954339f,0.0f,-2.32003116608f,5.12460136414f,-1.45195293427f,1.0f,-0.178950190544f,-0.277330636978f,-0.943964481354f,0.0f,-0.723458230495f,0.687323868275f,-0.0647839158773f,0.0f,0.666775941849f,0.671322464943f,-0.323632955551f,0.0f,-2.54435396194f,5.13865661621f,-1.29125475883f,1.0f,-0.151115804911f,-0.228224247694f,-0.961811900139f,0.0f,-0.763706803322f,0.644721925259f,-0.0329935103655f,0.0f,0.627631187439f,0.729552686214f,-0.271723270416f,0.0f,-2.92804574966f,5.08879470825f,-1.04289340973f,1.0f,-0.116956964135f,-0.166603296995f,-0.979065001011f,0.0f,-0.819921910763f,0.572477936745f,0.00052934885025f,0.0f,0.560405492783f,0.802814662457f,-0.203556507826f,0.0f,-3.40330028534f,4.95458459854f,-0.764099180698f,1.0f,-0.0862819850445f,-0.104259267449f,-0.990802228451f,0.0f,-0.870982468128f,0.490720450878f,0.0242102146149f,0.0f,0.483683556318f,0.865056395531f,-0.133148014545f,0.0f,-3.85427451134f,4.76649999619f,-0.523211717606f,1.0f};
chain1();
}
private void chain1()
{
Bone bone;
bone = new Bone("upper_leg_left");
bones.put("upper_leg_left", bone);
bone.restPose = new float[]{-1.00000011921f,-2.98023223877e-08f,-3.76254320145e-07f,0.0f,-2.98023223877e-08f,-0.998673260212f,0.051496475935f,0.0f,-3.8743019104e-07f,0.0514964908361f,0.998673319817f,0.0f,0.817315340042f,-0.408309072256f,-0.0464251115918f,1.0f};
bone.restPoseInverse = new float[]{-0.999999880791f,-3.77289694597e-07f,-1.03870032575e-08f,-0.0f,3.88450757782e-07f,-0.998673021793f,0.0514964796603f,0.0f,9.81149028689e-09f,0.0514964647591f,0.998673081398f,-0.0f,0.817315220833f,0.0673902854323f,0.405376553535f,1.0f};
bone.frames = new float[]{-0.927419662476f,-0.35144969821f,0.127979695797f,0.0f,0.299151599407f,-0.491604954004f,0.817823529243f,0.0f,-0.224507987499f,0.796749413013f,0.561060130596f,0.0f,-0.347004890442f,-0.475678920746f,0.0198644548655f,1.0f,-0.927419662476f,-0.35144969821f,0.127979695797f,0.0f,0.299151599407f,-0.491604954004f,0.817823529243f,0.0f,-0.224507987499f,0.796749413013f,0.561060130596f,0.0f,-0.347004890442f,-0.475678920746f,0.0198644548655f,1.0f,-0.92802131176f,-0.348664969206f,0.131195351481f,0.0f,0.308320432901f,-0.521196246147f,0.79579859972f,0.0f,-0.20908819139f,0.778966546059f,0.591180920601f,0.0f,-0.291830301285f,-0.494506061077f,0.0147307515144f,1.0f,-0.929675221443f,-0.3421010077f,0.136652782559f,0.0f,0.329123914242f,-0.604698419571f,0.725272059441f,0.0f,-0.165482342243f,0.719241678715f,0.674765765667f,0.0f,-0.132214903831f,-0.550147473812f,-0.00292852520943f,1.0f,-0.932571053505f,-0.335224300623f,0.13393573463f,0.0f,0.344192147255f,-0.71384459734f,0.609885394573f,0.0f,-0.108839057386f,0.614859879017f,0.781091153622f,0.0f,0.0954004526138f,-0.630603432655f,-0.0346013903618f,1.0f,-0.936789393425f,-0.328863888979f,0.119485870004f,0.0f,0.344195395708f,-0.804726958275f,0.483680158854f,0.0f,-0.0629114508629f,0.494231879711f,0.867052018642f,0.0f,0.330095529556f,-0.711021840572f,-0.0707971826196f,1.0f,-0.940354406834f,-0.323701351881f,0.104660063982f,0.0f,0.338033497334f,-0.854382157326f,0.394673407078f,0.0f,-0.0383367463946f,0.406510442495f,0.912842929363f,0.0f,0.521680414677f,-0.771646559238f,-0.0934045389295f,1.0f,-0.940885424614f,-0.323018610477f,0.101961813867f,0.0f,0.337293863297f,-0.865763127804f,0.369716018438f,0.0f,-0.0311505179852f,0.382250547409f,0.923534870148f,0.0f,0.64767318964f,-0.808995783329f,-0.0907792299986f,1.0f,-0.931707322598f,-0.347573488951f,0.105435028672f,0.0f,0.356111496687f,-0.817030370235f,0.453485518694f,0.0f,-0.0714759975672f,0.460061311722f,0.885006785393f,0.0f,0.689537167549f,-0.907640635967f,-0.0654495880008f,1.0f,-0.916720211506f,-0.386804699898f,0.100043356419f,0.0f,0.369556248188f,-0.725762546062f,0.580259144306f,0.0f,-0.151839122176f,0.568905651569f,0.808266282082f,0.0f,0.669495403767f,-1.03859817982f,-0.0402860715985f,1.0f,-0.913575410843f,-0.395131468773f,0.0961933135986f,0.0f,0.367327034473f,-0.700268924236f,0.612126111984f,0.0f,-0.174508973956f,0.594556570053f,0.784890055656f,0.0f,0.705562710762f,-1.07874274254f,-0.0292305350304f,1.0f,-0.945447564125f,-0.314513862133f,0.0849243476987f,0.0f,0.308396577835f,-0.780048668385f,0.544444441795f,0.0f,-0.1049900949f,0.540932953358f,0.834489166737f,0.0f,0.857042908669f,-0.86298173666f,-0.0452425330877f,1.0f,-0.969323039055f,-0.23310957849f,0.0779430270195f,0.0f,0.241718530655f,-0.84653288126f,0.474297821522f,0.0f,-0.0445821210742f,0.478587001562f,0.876909673214f,0.0f,1.01448774338f,-0.655423462391f,-0.0620431527495f,1.0f,-0.967632710934f,-0.238911435008f,0.0813059210777f,0.0f,0.246658742428f,-0.82717615366f,0.504919111729f,0.0f,-0.0533767268062f,0.508630096912f,0.859331071377f,0.0f,1.12791848183f,-0.717202782631f,-0.0451695770025f,1.0f,-0.959899544716f,-0.26775598526f,0.0830798149109f,0.0f,0.26197078824f,-0.751149356365f,0.605928897858f,0.0f,-0.0998357385397f,0.603394150734f,0.791171073914f,0.0f,1.24654507637f,-0.871980011463f,-0.026310518384f,1.0f,-0.954859733582f,-0.28587731719f,0.0807448923588f,0.0f,0.265681773424f,-0.700248003006f,0.662623524666f,0.0f,-0.132887527347f,0.654163777828f,0.744589984417f,0.0f,1.29548072815f,-0.959046363831f,-0.0206933170557f,1.0f,-0.956527173519f,-0.279933124781f,0.0818282216787f,0.0f,0.264990717173f,-0.717000365257f,0.64474350214f,0.0f,-0.12181416899f,0.638397097588f,0.760009109974f,0.0f,1.28232192993f,-0.93166077137f,-0.0219085365534f,1.0f,-0.961886167526f,-0.260367631912f,0.0835839435458f,0.0f,0.259261161089f,-0.771115064621f,0.581523478031f,0.0f,-0.0869570076466f,0.581028163433f,0.809226930141f,0.0f,1.22698998451f,-0.836384952068f,-0.0290839374065f,1.0f,-0.967447221279f,-0.239504158497f,0.0817671567202f,0.0f,0.247242614627f,-0.825471460819f,0.507417023182f,0.0f,-0.0540321134031f,0.511114478111f,0.857814729214f,0.0f,1.13740539551f,-0.722865581512f,-0.0436816588044f,1.0f,-0.96994137764f,-0.230339035392f,0.0784855335951f,0.0f,0.239654496312f,-0.848237872124f,0.472294837236f,0.0f,-0.0422136336565f,0.476906627417f,0.877941787243f,0.0f,1.04675018787f,-0.656535387039f,-0.058565735817f,1.0f,-0.958911776543f,-0.272044211626f,0.0805137902498f,0.0f,0.274294674397f,-0.816476762295f,0.508067071438f,0.0f,-0.0724791139364f,0.50927489996f,0.857548475266f,0.0f,0.932453393936f,-0.752130568027f,-0.0549202561378f,1.0f,-0.924645602703f,-0.369485974312f,0.0922644585371f,0.0f,0.349536567926f,-0.727200448513f,0.590768873692f,0.0f,-0.151185959578f,0.578500449657f,0.801550626755f,0.0f,0.765172660351f,-1.01209163666f,-0.0324367433786f,1.0f,-0.912501037121f,-0.397431373596f,0.0969124883413f,0.0f,0.369598925114f,-0.699432909489f,0.611714184284f,0.0f,-0.175330474973f,0.594007432461f,0.78512263298f,0.0f,0.6753718853f,-1.07690382004f,-0.0329258292913f,1.0f,-0.922377705574f,-0.37222725153f,0.103288784623f,0.0f,0.3669911623f,-0.760921299458f,0.535088598728f,0.0f,-0.120579853654f,0.531458675861f,0.838459968567f,0.0f,0.678082585335f,-0.99084353447f,-0.0486825853586f,1.0f,-0.936175525188f,-0.335579246283f,0.104710489511f,0.0f,0.347941666842f,-0.842052996159f,0.412172585726f,0.0f,-0.0501449145377f,0.422298014164f,0.905070364475f,0.0f,0.685871839523f,-0.863839745522f,-0.0756502300501f,1.0f,-0.941177248955f,-0.322396337986f,0.101234383881f,0.0f,0.336459904909f,-0.866284191608f,0.369254946709f,0.0f,-0.0313488617539f,0.381594777107f,0.923799216747f,0.0f,0.620357573032f,-0.800029218197f,-0.0941650047898f,1.0f,-0.939806222916f,-0.324526518583f,0.10700275749f,0.0f,0.339146226645f,-0.847537100315f,0.408244520426f,0.0f,-0.0417974963784f,0.419959187508f,0.906581401825f,0.0f,0.487190485001f,-0.761180400848f,-0.0906110405922f,1.0f,-0.936175644398f,-0.329731285572f,0.12188193202f,0.0f,0.344887524843f,-0.794383168221f,0.500010490417f,0.0f,-0.0680481493473f,0.510132133961f,0.857401192188f,0.0f,0.29903113842f,-0.700679600239f,-0.0661695152521f,1.0f,-0.932304561138f,-0.335706710815f,0.134581372142f,0.0f,0.34361743927f,-0.706028103828f,0.619236826897f,0.0f,-0.112863630056f,0.623560369015f,0.773586988449f,0.0f,0.0776022076607f,-0.624347150326f,-0.0319791585207f,1.0f,-0.929659724236f,-0.342151075602f,0.136632218957f,0.0f,0.328999638557f,-0.604069113731f,0.725852787495f,0.0f,-0.165815785527f,0.719746470451f,0.674145460129f,0.0f,-0.13372439146f,-0.549629986286f,-0.00281493365765f,1.0f};
chain2();
}
private void chain2()
{
Bone bone;
bone = new Bone("head");
bones.put("head", bone);
bone.restPose = new float[]{-0.9965518713f,-0.0586202740669f,-0.0587217696011f,0.0f,-0.0587217770517f,0.99827426672f,2.6524066925e-06f,0.0f,0.0586203187704f,0.00345093011856f,-0.998274505138f,0.0f,0.160749658942f,5.10206699371f,0.344313323498f,1.0f};
bone.restPoseInverse = new float[]{-0.996551632881f,0.0586202666163f,0.0587217621505f,-0.0f,0.0587217919528f,0.99827426672f,2.69175484391e-06f,-0.0f,-0.0586202889681f,0.00345088960603f,-0.998274505138f,-0.0f,0.479498684406f,0.316689252853f,5.08382558823f,1.0f};
bone.frames = new float[]{-0.957811772823f,0.0662838071585f,-0.27965477109f,0.0f,0.0336116403341f,0.992197215557f,0.120053753257f,0.0f,0.285430788994f,0.105589404702f,-0.952566623688f,0.0f,-1.33273661137f,4.85532474518f,0.421087443829f,1.0f,-0.957811772823f,0.0662838071585f,-0.27965477109f,0.0f,0.0336116403341f,0.992197215557f,0.120053753257f,0.0f,0.285430788994f,0.105589404702f,-0.952566623688f,0.0f,-1.33273661137f,4.85532474518f,0.421087443829f,1.0f,-0.956141471863f,0.096962697804f,-0.276398539543f,0.0f,0.0602080896497f,0.988528430462f,0.138508915901f,0.0f,0.286658555269f,0.115792632103f,-0.951011002064f,0.0f,-1.15471458435f,4.85027551651f,0.47704398632f,1.0f,-0.946024298668f,0.187223687768f,-0.264554440975f,0.0f,0.138285696507f,0.971410810947f,0.192966997623f,0.0f,0.293119490147f,0.145967334509f,-0.944869041443f,0.0f,-0.637221336365f,4.81610774994f,0.641512453556f,1.0f,-0.915961563587f,0.321659684181f,-0.239901527762f,0.0f,0.253193467855f,0.927103638649f,0.276352226734f,0.0f,0.311305344105f,0.192386388779f,-0.93063390255f,0.0f,0.108752608299f,4.70930480957f,0.890285611153f,1.0f,-0.860770523548f,0.46779435873f,-0.200614333153f,0.0f,0.374182581902f,0.848752260208f,0.373638451099f,0.0f,0.345058113337f,0.246550232172f,-0.905621886253f,0.0f,0.866098046303f,4.509329319f,1.17454183102f,1.0f,-0.791664659977f,0.592040538788f,-0.150859445333f,0.0f,0.47088432312f,0.748593986034f,0.466769754887f,0.0f,0.389279276133f,0.298487186432f,-0.871418476105f,0.0f,1.42590332031f,4.25593185425f,1.4398676157f,1.0f,-0.729226529598f,0.676951169968f,-0.0998429507017f,0.0f,0.530727267265f,0.651638746262f,0.54193598032f,0.0f,0.43192589283f,0.34220418334f,-0.834469258785f,0.0f,1.69430756569f,4.0196018219f,1.64771819115f,1.0f,-0.678593158722f,0.732510447502f,-0.0542480275035f,0.0f,0.567593574524f,0.569822490215f,0.594255149364f,0.0f,0.466210007668f,0.372465968132f,-0.802446246147f,0.0f,1.8134740591f,3.70308446884f,1.7932035923f,1.0f,-0.64163839817f,0.766740679741f,-0.020292526111f,0.0f,0.591287851334f,0.511316120625f,0.623645544052f,0.0f,0.488550394773f,0.388155460358f,-0.781445086002f,0.0f,1.87906217575f,3.34077620506f,1.87808859348f,1.0f,-0.756308019161f,0.653661608696f,0.0269778613001f,0.0f,0.434444665909f,0.470977783203f,0.767748117447f,0.0f,0.489141821861f,0.592373609543f,-0.640184640884f,0.0f,0.885556817055f,3.05025863647f,2.70713710785f,1.0f,-0.709827423096f,0.704364657402f,0.00427657738328f,0.0f,0.515332400799f,0.515168607235f,0.684859871864f,0.0f,0.480188161135f,0.488335371017f,-0.728663444519f,0.0f,1.48937320709f,3.59307527542f,2.24060535431f,1.0f,-0.681654274464f,0.730165839195f,-0.0469926409423f,0.0f,0.580984115601f,0.579185068607f,0.571840524673f,0.0f,0.444755852222f,0.362494766712f,-0.819019079208f,0.0f,2.04512834549f,4.05279541016f,1.68684327602f,1.0f,-0.692141473293f,0.716096520424f,-0.0902756154537f,0.0f,0.594430863857f,0.636498332024f,0.491447925568f,0.0f,0.409384459257f,0.286488085985f,-0.866216957569f,0.0f,2.26298594475f,4.15021038055f,1.4109377861f,1.0f,-0.700065016747f,0.703391849995f,-0.12309872359f,0.0f,0.610032498837f,0.678708434105f,0.408919006586f,0.0f,0.3711784482f,0.211175084114f,-0.904231727123f,0.0f,2.4296207428f,4.0608496666f,1.1657255888f,1.0f,-0.687525033951f,0.712590575218f,-0.139743864536f,0.0f,0.642585933208f,0.68665355444f,0.339985430241f,0.0f,0.338226109743f,0.143950656056f,-0.929991900921f,0.0f,2.61676168442f,3.84426951408f,0.994493365288f,1.0f,-0.756924211979f,0.628993272781f,-0.177304714918f,0.0f,0.580452978611f,0.771739900112f,0.259790211916f,0.0f,0.300239562988f,0.0937242358923f,-0.949249684811f,0.0f,2.06644678116f,4.24005460739f,0.724735498428f,1.0f,-0.740349531174f,0.643880426884f,-0.193142727017f,0.0f,0.615883469582f,0.764838814735f,0.188966825604f,0.0f,0.269395291805f,0.0209481269121f,-0.962803602219f,0.0f,2.11412549019f,4.38189983368f,0.551983952522f,1.0f,-0.717386126518f,0.664694607258f,-0.208665624261f,0.0f,0.656176745892f,0.745293319225f,0.118190169334f,0.0f,0.234077721834f,-0.0521333515644f,-0.970820844173f,0.0f,2.17470026016f,4.45993804932f,0.383693128824f,1.0f,-0.68890196085f,0.689552545547f,-0.223460108042f,0.0f,0.698181390762f,0.714091539383f,0.0511364489794f,0.0f,0.194832503796f,-0.12078730762f,-0.973372459412f,0.0f,2.23236250877f,4.45040988922f,0.227050825953f,1.0f,-0.656976342201f,0.715705633163f,-0.236961126328f,0.0f,0.738085627556f,0.674651145935f,-0.00865724682808f,0.0f,0.153670310974f,-0.18058462441f,-0.971482336521f,0.0f,2.22572207451f,4.21156787872f,0.0894738212228f,1.0f,-0.624836862087f,0.740140914917f,-0.248542323709f,0.0f,0.772402763367f,0.632435381413f,-0.0584703087807f,0.0f,0.113910987973f,-0.228508457541f,-0.966856479645f,0.0f,2.16451454163f,3.75307178497f,-0.022963296622f,1.0f,-0.596138954163f,0.760410964489f,-0.257675439119f,0.0f,0.798955023289f,0.593545436859f,-0.0968188494444f,0.0f,0.0793203189969f,-0.263587772846f,-0.961370110512f,0.0f,2.21155142784f,3.55570673943f,-0.108035266399f,1.0f,-0.573977291584f,0.775124013424f,-0.26407495141f,0.0f,0.817153453827f,0.563054680824f,-0.123405471444f,0.0f,0.0530344992876f,-0.286620914936f,-0.956576645374f,0.0f,2.2859787941f,3.598944664f,-0.165790140629f,1.0f,-0.560264766216f,0.783850669861f,-0.267739057541f,0.0f,0.827491283417f,0.544070839882f,-0.138724938035f,0.0f,0.036929756403f,-0.299273580313f,-0.953454136848f,0.0f,2.33513593674f,3.75458931923f,-0.198260426521f,1.0f,-0.765838384628f,0.544564664364f,-0.341970652342f,0.0f,0.635284900665f,0.723065316677f,-0.271273553371f,0.0f,0.0995412170887f,-0.424999475479f,-0.899705529213f,0.0f,0.980216622353f,4.3907585144f,-0.982531130314f,1.0f,-0.777335464954f,0.538002669811f,-0.326045632362f,0.0f,0.617691993713f,0.750946998596f,-0.233526334167f,0.0f,0.119205340743f,-0.382923066616f,-0.91605848074f,0.0f,0.748566448689f,4.44355392456f,-0.809391617775f,1.0f,-0.830100297928f,0.473220914602f,-0.294955283403f,0.0f,0.532178640366f,0.830268025398f,-0.165650293231f,0.0f,0.166502982378f,-0.294474452734f,-0.941044569016f,0.0f,0.341656446457f,4.58867120743f,-0.542908489704f,1.0f,-0.896384477615f,0.352506309748f,-0.268770933151f,0.0f,0.383779078722f,0.92056787014f,-0.0725732147694f,0.0f,0.221839681268f,-0.168201431632f,-0.960467934608f,0.0f,-0.195399016142f,4.74865818024f,-0.217329382896f,1.0f,-0.940959990025f,0.213103175163f,-0.263030529022f,0.0f,0.214719831944f,0.976405084133f,0.0229387581348f,0.0f,0.261713147163f,-0.0348931103945f,-0.964516341686f,0.0f,-0.745364189148f,4.84104967117f,0.0982061475515f,1.0f};
chain3();
}
private void chain3()
{
Bone bone;
bone = new Bone("hand_left");
bones.put("hand_left", bone);
bone.restPose = new float[]{-0.980000197887f,0.139999568462f,-0.141420707107f,0.0f,-0.141421154141f,-0.989949345589f,1.75833702087e-06f,0.0f,-0.139999091625f,0.0200015306473f,0.989949584007f,0.0f,1.3714774847f,-0.636630892754f,-0.031429797411f,1.0f};
bone.restPoseInverse = new float[]{-0.980000138283f,-0.139999091625f,0.141421154141f,0.0f,0.141420662403f,-0.989949524403f,1.69128202288e-06f,0.0f,0.139999568462f,0.0200016051531f,0.989949643612f,-0.0f,1.42873120308f,0.235853180289f,0.436276555061f,1.0f};
bone.frames = new float[]{-0.348336786032f,0.618306100368f,-0.70453029871f,0.0f,-0.728490173817f,-0.651551306248f,-0.211629897356f,0.0f,-0.589889764786f,0.439521461725f,0.677387654781f,0.0f,-0.429600954056f,0.710086584091f,1.01754450798f,1.0f,-0.348336786032f,0.618306100368f,-0.70453029871f,0.0f,-0.728490173817f,-0.651551306248f,-0.211629897356f,0.0f,-0.589889764786f,0.439521461725f,0.677387654781f,0.0f,-0.429600954056f,0.710086584091f,1.01754450798f,1.0f,-0.347940713167f,0.627935528755f,-0.696159422398f,0.0f,-0.731219887733f,-0.646484673023f,-0.217667803168f,0.0f,-0.586738288403f,0.433306634426f,0.684095680714f,0.0f,-0.329807877541f,0.644798874855f,1.01440036297f,1.0f,-0.346990138292f,0.655076146126f,-0.671175777912f,0.0f,-0.736885666847f,-0.633123278618f,-0.236977308989f,0.0f,-0.580175459385f,0.412347882986f,0.702402234077f,0.0f,-0.0492942333221f,0.444169402122f,0.99715089798f,1.0f,-0.350375920534f,0.690495193005f,-0.63281673193f,0.0f,-0.734522223473f,-0.621787071228f,-0.271774530411f,0.0f,-0.581136643887f,0.369592130184f,0.725041687489f,0.0f,0.333444237709f,0.111216306686f,0.944848418236f,1.0f,-0.371531039476f,0.716246008873f,-0.590728640556f,0.0f,-0.70423412323f,-0.632031619549f,-0.32340824604f,0.0f,-0.604999601841f,0.295853167772f,0.739222824574f,0.0f,0.707121253014f,-0.323441386223f,0.83579403162f,1.0f,-0.425255060196f,0.710426211357f,-0.560764789581f,0.0f,-0.622483253479f,-0.679344832897f,-0.388596713543f,0.0f,-0.657022297382f,0.183812737465f,0.731121957302f,0.0f,1.01525223255f,-0.802880167961f,0.668766796589f,1.0f,-0.511284649372f,0.652655303478f,-0.559136509895f,0.0f,-0.469479560852f,-0.757055044174f,-0.454377055168f,0.0f,-0.719848573208f,0.0301867742091f,0.693477928638f,0.0f,1.29183721542f,-1.2582988739f,0.477423489094f,1.0f,-0.598017394543f,0.542957663536f,-0.589556396008f,0.0f,-0.255774796009f,-0.826402425766f,-0.501637578011f,0.0f,-0.759578466415f,-0.149193793535f,0.633077204227f,0.0f,1.64073324203f,-1.75307703018f,0.315846979618f,1.0f,-0.65578019619f,0.396271973848f,-0.642592966557f,0.0f,-0.0132306497544f,-0.857070505619f,-0.515031576157f,0.0f,-0.754839420319f,-0.329244464636f,0.567292332649f,0.0f,2.07822918892f,-2.21353816986f,0.232586026192f,1.0f,-0.631154477596f,0.225056424737f,-0.742292284966f,0.0f,0.426158189774f,-0.698995709419f,-0.574280023575f,0.0f,-0.648103892803f,-0.678791224957f,0.345264852047f,0.0f,2.73963952065f,-1.97387123108f,0.374925553799f,1.0f,-0.623545765877f,0.041713219136f,-0.780675590038f,0.0f,0.53477036953f,-0.705656170845f,-0.464837789536f,0.0f,-0.570277571678f,-0.707327485085f,0.417702168226f,0.0f,3.31911802292f,-1.63511717319f,0.468892395496f,1.0f,-0.622821211815f,-0.148583650589f,-0.76812762022f,0.0f,0.615969002247f,-0.698459565639f,-0.36433711648f,0.0f,-0.482370227575f,-0.700057089329f,0.526538252831f,0.0f,3.90601634979f,-1.2849932909f,0.605452954769f,1.0f,-0.59491455555f,-0.297701328993f,-0.746628344059f,0.0f,0.702439963818f,-0.644082069397f,-0.30288952589f,0.0f,-0.390718311071f,-0.704652249813f,0.592290818691f,0.0f,4.39313411713f,-1.09200286865f,0.795159518719f,1.0f,-0.579576611519f,-0.398820877075f,-0.710658967495f,0.0f,0.747587382793f,-0.607313632965f,-0.26886755228f,0.0f,-0.324361562729f,-0.687106072903f,0.650137603283f,0.0f,4.72202301025f,-1.09044396877f,0.908619225025f,1.0f,-0.590246975422f,-0.434293687344f,-0.680441737175f,0.0f,0.747362792492f,-0.61256980896f,-0.257320940495f,0.0f,-0.30506375432f,-0.660416841507f,0.686141490936f,0.0f,4.85703277588f,-1.31122016907f,0.946004509926f,1.0f,-0.55000692606f,-0.52972048521f,-0.645671129227f,0.0f,0.800921440125f,-0.553657829762f,-0.228021472692f,0.0f,-0.236692428589f,-0.642542660236f,0.728779494762f,0.0f,4.82304430008f,-0.653032064438f,0.999681949615f,1.0f,-0.594522178173f,-0.514432966709f,-0.617984771729f,0.0f,0.757634699345f,-0.615823209286f,-0.216233849525f,0.0f,-0.269330769777f,-0.596759796143f,0.755872189999f,0.0f,4.68201637268f,-0.623884320259f,1.01234447956f,1.0f,-0.656221091747f,-0.466526955366f,-0.593068182468f,0.0f,0.680692851543f,-0.705179214478f,-0.198456004262f,0.0f,-0.325633317232f,-0.533925950527f,0.780314326286f,0.0f,4.44310188293f,-0.71015393734f,1.03421843052f,1.0f,-0.725148558617f,-0.379787474871f,-0.574390888214f,0.0f,0.560438752174f,-0.810174703598f,-0.171842947602f,0.0f,-0.400092214346f,-0.446520537138f,0.800343692303f,0.0f,4.08130502701f,-0.905476093292f,1.07284843922f,1.0f,-0.785111963749f,-0.251211643219f,-0.566124022007f,0.0f,0.38937368989f,-0.911026716232f,-0.135728910565f,0.0f,-0.481656402349f,-0.326994597912f,0.813072144985f,0.0f,3.53803253174f,-1.30533182621f,1.13078379631f,1.0f,-0.815739631653f,-0.0860284939408f,-0.571990191936f,0.0f,0.168707117438f,-0.981269419193f,-0.0930119156837f,0.0f,-0.553274035454f,-0.172371283174f,0.814972877502f,0.0f,2.84933805466f,-1.84419667721f,1.20249533653f,1.0f,-0.798937380314f,0.0988029241562f,-0.593247354031f,0.0f,-0.085545130074f,-0.995054006577f,-0.050514228642f,0.0f,-0.595303356647f,0.0103920781985f,0.803436934948f,0.0f,2.23462343216f,-1.99329614639f,1.2728331089f,1.0f,-0.728189527988f,0.276962965727f,-0.626926541328f,0.0f,-0.342635840178f,-0.939315259457f,-0.0169893763959f,0.0f,-0.593587100506f,0.202435523272f,0.778896331787f,0.0f,1.6925778389f,-1.75728857517f,1.32387042046f,1.0f,-0.614349424839f,0.422838389874f,-0.66617423296f,0.0f,-0.567703664303f,-0.823233544827f,0.0010112405289f,0.0f,-0.547989368439f,0.378809511662f,0.745798945427f,0.0f,1.24693989754f,-1.29550528526f,1.34347450733f,1.0f,-0.626648843288f,0.249406352639f,-0.73831808567f,0.0f,-0.509011983871f,-0.848385155201f,0.145436152816f,0.0f,-0.590105414391f,0.466947644949f,0.658589839935f,0.0f,1.02023863792f,-0.218895554543f,1.29667234421f,1.0f,-0.513585984707f,0.363236635923f,-0.777363359928f,0.0f,-0.658976018429f,-0.747207701206f,0.086222589016f,0.0f,-0.54953289032f,0.556543469429f,0.623118817806f,0.0f,0.526364922523f,0.00249433517456f,1.23075985909f,1.0f,-0.425737798214f,0.449425756931f,-0.785346269608f,0.0f,-0.733437180519f,-0.679705023766f,0.00862496159971f,0.0f,-0.529927909374f,0.579670667648f,0.619000732899f,0.0f,0.179854512215f,0.227795124054f,1.14501547813f,1.0f,-0.375477433205f,0.517910063267f,-0.768628835678f,0.0f,-0.75411850214f,-0.652837574482f,-0.0715017020702f,0.0f,-0.53882163763f,0.552785992622f,0.635690271854f,0.0f,-0.0585901737213f,0.427138566971f,1.0731395483f,1.0f,-0.355524986982f,0.570330381393f,-0.740492522717f,0.0f,-0.746846020222f,-0.649699866772f,-0.141828343272f,0.0f,-0.561987221241f,0.502606630325f,0.656932353973f,0.0f,-0.235662102699f,0.580805420876f,1.03208780289f,1.0f};
chain4();
}
private void chain4()
{
Bone bone;
bone = new Bone("neck");
bones.put("neck", bone);
bone.restPose = new float[]{-0.998980462551f,0.0306027960032f,0.0331918746233f,0.0f,0.0386331602931f,0.959878087044f,0.277743399143f,0.0f,-0.0233604200184f,0.278742492199f,-0.96008169651f,0.0f,0.108486883342f,3.80354785919f,-0.0314168035984f,1.0f};
bone.restPoseInverse = new float[]{-0.998980343342f,-0.0233604311943f,-0.038633171469f,-0.0f,-0.0331918634474f,0.96008181572f,0.277743428946f,0.0f,0.0306027922779f,0.278742551804f,-0.959878385067f,-0.0f,-0.00698012951761f,-1.08783900738f,3.64640879631f,1.0f};
bone.frames = new float[]{-0.977082371712f,0.0593945942819f,-0.204415887594f,0.0f,0.0341941192746f,0.99160695076f,0.124678492546f,0.0f,0.210105776787f,0.114831387997f,-0.970913052559f,0.0f,-1.37899422646f,3.51388287544f,0.252422899008f,1.0f,-0.977082371712f,0.0593945942819f,-0.204415887594f,0.0f,0.0341941192746f,0.99160695076f,0.124678492546f,0.0f,0.210105776787f,0.114831387997f,-0.970913052559f,0.0f,-1.37899422646f,3.51388287544f,0.252422899008f,1.0f,-0.975507795811f,0.0885951071978f,-0.201344400644f,0.0f,0.060353808105f,0.987978339195f,0.142319113016f,0.0f,0.211533039808f,0.12668146193f,-0.96912753582f,0.0f,-1.23636090755f,3.51374268532f,0.284515291452f,1.0f,-0.966100811958f,0.174455448985f,-0.190310448408f,0.0f,0.137108445168f,0.971300125122f,0.194360241294f,0.0f,0.218756109476f,0.16167832911f,-0.962293505669f,0.0f,-0.822701096535f,3.50213718414f,0.378582715988f,1.0f,-0.938398182392f,0.302124023438f,-0.167729184031f,0.0f,0.250011622906f,0.928659081459f,0.274017363787f,0.0f,0.2385507375f,0.215202972293f,-0.946986854076f,0.0f,-0.229462087154f,3.4530184269f,0.519596099854f,1.0f,-0.887942910194f,0.440507471561f,-0.132339850068f,0.0f,0.368942528963f,0.853935658932f,0.36698025465f,0.0f,0.274667441845f,0.277031332254f,-0.920768380165f,0.0f,0.366994172335f,3.35412859917f,0.678092479706f,1.0f,-0.825370907784f,0.557660937309f,-0.088206961751f,0.0f,0.464222341776f,0.759225189686f,0.456151604652f,0.0f,0.321346998215f,0.335546016693f,-0.885521352291f,0.0f,0.79790520668f,3.22885513306f,0.822787642479f,1.0f,-0.769614338875f,0.637020647526f,-0.0436033271253f,0.0f,0.52336281538f,0.668467760086f,0.528433442116f,0.0f,0.36577051878f,0.383868992329f,-0.847855687141f,0.0f,0.986304461956f,3.11530160904f,0.932855665684f,1.0f,-0.724801838398f,0.68894803524f,-0.00398682896048f,0.0f,0.559970617294f,0.592461943626f,0.57915610075f,0.0f,0.401370495558f,0.417540162802f,-0.815208435059f,0.0f,1.05594813824f,2.90160441399f,1.00972354412f,1.0f,-0.692238390446f,0.721221387386f,0.0254673976451f,0.0f,0.583417594433f,0.538501799107f,0.607980191708f,0.0f,0.424774080515f,0.435724586248f,-0.79354518652f,0.0f,1.08981728554f,2.61229324341f,1.05561554432f,1.0f,-0.803782939911f,0.592282414436f,0.0560152456164f,0.0f,0.421939611435f,0.501155793667f,0.755519747734f,0.0f,0.419408887625f,0.63090801239f,-0.652728199959f,0.0f,0.314758658409f,2.37229704857f,1.68507325649f,1.0f,-0.760001301765f,0.648620605469f,0.0411357805133f,0.0f,0.502225041389f,0.545933783054f,0.670616388321f,0.0f,0.412518292665f,0.530327916145f,-0.740664422512f,0.0f,0.809965193272f,2.8545384407f,1.33339834213f,1.0f,-0.73220717907f,0.681083738804f,-0.000735589303076f,0.0f,0.566074728966f,0.609163284302f,0.555409550667f,0.0f,0.37872838974f,0.406257629395f,-0.8315782547f,0.0f,1.27934467793f,3.22872209549f,0.935487568378f,1.0f,-0.74140304327f,0.669950604439f,-0.0386185608804f,0.0f,0.576363921165f,0.665195047855f,0.474679231644f,0.0f,0.343700408936f,0.329669445753f,-0.879312932491f,0.0f,1.48328316212f,3.25033712387f,0.768793642521f,1.0f,-0.747874557972f,0.66051620245f,-0.0663789883256f,0.0f,0.588800907135f,0.706187605858f,0.393208682537f,0.0f,0.306596577168f,0.254986047745f,-0.917051911354f,0.0f,1.63309335709f,3.10552215576f,0.633794546127f,1.0f,-0.734958529472f,0.673480093479f,-0.0791505873203f,0.0f,0.619093060493f,0.714027583599f,0.326938956976f,0.0f,0.276702493429f,0.191284507513f,-0.941727042198f,0.0f,1.77925515175f,2.87833595276f,0.55221170187f,1.0f,-0.799661159515f,0.589806437492f,-0.112579204142f,0.0f,0.551834762096f,0.795783281326f,0.24941419065f,0.0f,0.236694708467f,0.137321427464f,-0.961832463741f,0.0f,1.31992697716f,3.1635222435f,0.387329041958f,1.0f,-0.782852828503f,0.60954028368f,-0.12492223084f,0.0f,0.585712492466f,0.78967577219f,0.182628110051f,0.0f,0.209967344999f,0.0698024183512f,-0.975215256214f,0.0f,1.32177615166f,3.31362962723f,0.304925382137f,1.0f,-0.759507119656f,0.635871529579f,-0.137183815241f,0.0f,0.625178515911f,0.771790623665f,0.116150349379f,0.0f,0.179734051228f,0.00245279073715f,-0.983713924885f,0.0f,1.32896125317f,3.41586303711f,0.226565420628f,1.0f,-0.730394124985f,0.666548132896f,-0.149133831263f,0.0f,0.667164444923f,0.742998898029f,0.0533297657967f,0.0f,0.146353274584f,-0.060544654727f,-0.987379550934f,0.0f,1.3298252821f,3.44528388977f,0.154906541109f,1.0f,-0.69756603241f,0.69835627079f,-0.160322189331f,0.0f,0.707803249359f,0.706405162811f,-0.00259047746658f,0.0f,0.111443459988f,-0.115283057094f,-0.987063169479f,0.0f,1.26820886135f,3.25594568253f,0.0929782092571f,1.0f,-0.664327740669f,0.727818310261f,-0.170152574778f,0.0f,0.743387341499f,0.667056441307f,-0.0491024553776f,0.0f,0.0777638703585f,-0.15910872817f,-0.984195351601f,0.0f,1.15886330605f,2.85068058968f,0.0434623025358f,1.0f,-0.63450294733f,0.752133965492f,-0.178054630756f,0.0f,0.771400511265f,0.63066893816f,-0.0848417282104f,0.0f,0.0484814047813f,-0.191183015704f,-0.980357885361f,0.0f,1.16800403595f,2.70254039764f,0.00673826783895f,1.0f,-0.611383020878f,0.769728064537f,-0.183663442731f,0.0f,0.790901362896f,0.602056324482f,-0.109559714794f,0.0f,0.0262448191643f,-0.212241828442f,-0.97686624527f,0.0f,1.21605074406f,2.78448534012f,-0.0175782218575f,1.0f,-0.597040116787f,0.780138194561f,-0.186895892024f,0.0f,0.802113711834f,0.584206402302f,-0.123761460185f,0.0f,0.012635037303f,-0.223801493645f,-0.974554598331f,0.0f,1.2500398159f,2.96427726746f,-0.0308364257216f,1.0f,-0.798274993896f,0.543668448925f,-0.259199619293f,0.0f,0.59981584549f,0.756619930267f,-0.260283857584f,0.0f,0.0546074956656f,-0.363249182701f,-0.930092096329f,0.0f,0.168788254261f,3.36720609665f,-0.630420207977f,1.0f,-0.808920562267f,0.534748733044f,-0.244323790073f,0.0f,0.583471596241f,0.781223416328f,-0.221925824881f,0.0f,0.0721969306469f,-0.322075426579f,-0.943958699703f,0.0f,-0.040751516819f,3.38671827316f,-0.509171247482f,1.0f,-0.857741713524f,0.466770589352f,-0.215423479676f,0.0f,0.50184071064f,0.851160347462f,-0.153888270259f,0.0f,0.111529506743f,-0.240103930235f,-0.964320659637f,0.0f,-0.337231576443f,3.43722486496f,-0.334729075432f,1.0f,-0.91910892725f,0.344258517027f,-0.191646695137f,0.0f,0.361452281475f,0.930303752422f,-0.0623387992382f,0.0f,0.156829148531f,-0.126566648483f,-0.979483783245f,0.0f,-0.684370160103f,3.4901471138f,-0.132997721434f,1.0f,-0.960644721985f,0.205080315471f,-0.187369525433f,0.0f,0.20298987627f,0.978704988956f,0.0304920971394f,0.0f,0.189633131027f,-0.00874176621437f,-0.981817483902f,0.0f,-1.01996803284f,3.51706147194f,0.0569565668702f,1.0f};
chain5();
}
private void chain5()
{
Bone bone;
bone = new Bone("lower_leg_right");
bones.put("lower_leg_right", bone);
bone.restPose = new float[]{-0.996707618237f,0.0603639371693f,-0.0541338697076f,0.0f,-0.054134670645f,-0.992461025715f,-0.109956979752f,0.0f,-0.060363188386f,-0.106664501131f,0.99246108532f,0.0f,-0.682283461094f,-2.85519170761f,0.0776219442487f,1.0f};
bone.restPoseInverse = new float[]{-0.996707260609f,-0.0603631772101f,0.0541346855462f,-0.0f,0.0541338510811f,-0.99246096611f,-0.109957046807f,-0.0f,0.0603638924658f,-0.106664411724f,0.99246096611f,-0.0f,-0.503484368324f,-0.422768890858f,2.86206626892f,1.0f};
